0.000600000000000023	39.0134849900563
0.00813333333333333	39.0035185784535
0.0156333333333334	39.0020271214597
0.0231666666666667	39.0497863717018
0.0307	39.0119849340956
0.0382	39.0018005363123
0.0457333333333333	39.0484308019369
0.0532666666666666	39.0102712591622
0.0607666666666667	38.99990722702
0.0683	39.0463785451848
0.0758	39.0080531268879
0.0833333333333333	39.0458887812394
0.0908333333333334	39.0174993497761
0.0983666666666667	39.0464930520925
0.105866666666667	39.0159306875458
0.1134	39.0445698298098
0.1209	39.0137571276846
0.128433333333333	39.0423900584538
0.135933333333333	39.0113957606527
0.143466666666667	39.0400379303883
0.150966666666667	39.008878553542
0.158466666666667	39.0375527845176
0.166	39.0546568033997
0.1735	39.0081328412421
0.181	39.045148012086
0.188533333333333	39.0531656031654
0.196033333333333	39.0044564640692
0.203533333333333	39.0410263499176
0.211066666666667	39.0489004340886
0.218566666666667	39.0001110705378
0.226066666666667	39.0366167541239
0.2336	39.0444269721689
0.2411	38.9955890334635
0.2486	39.032063747173
0.2561	39.0398441669363
0.263633333333333	39.0394024589878
0.271133333333333	38.9896678240591
0.278633333333333	39.0259614982458
0.286133333333333	39.0337236644512
0.293633333333333	39.0332935322561
0.301166666666667	39.031977039122
0.308666666666667	38.9820739729355
0.316166666666667	39.0183821947062
0.323666666666667	39.0261706686866
0.331166666666667	39.025766048579
0.3387	39.024483836989
0.3462	38.9746256913078
0.3537	39.010992456423
0.3612	39.018835998635
0.3687	39.0185004481116
0.3762	39.0172935713818
0.3837	39.0159275887
0.3912	39.0145707375985
0.398733333333333	39.0132399987049
0.406233333333333	38.9635109483317
0.413733333333333	39.0000155223587
0.421233333333333	39.0079587195035
0.428733333333333	39.0077274342132
0.436233333333333	39.0066341788419
0.443733333333333	39.0053923440896
0.451233333333333	39.0041667848465
0.458733333333333	39.0029704377285
0.466233333333333	39.0017858165994
0.473733333333333	39.0006067683074
0.481233333333333	38.999433053061
0.488733333333333	38.9982657858342
0.496233333333333	38.9971078492393
0.503733333333333	38.9959614166209
0.511233333333333	38.9948251405941
0.518733333333333	38.9936986304816
0.526233333333333	38.9925821616711
0.533733333333333	38.9914761355535
0.541233333333333	38.9903809301846
0.548733333333333	38.9892968544294
0.556233333333333	38.988224141733
0.563733333333333	38.9871629598685
0.571233333333333	38.9861134206589
0.578733333333333	38.9850755871834
0.586233333333333	38.9841782266456
0.593733333333333	38.9837106802975
0.601233333333333	38.9834655796779
0.608733333333333	38.9832667406539
0.616233333333333	38.9830807100126
0.623733333333333	38.9829011350935
0.631233333333333	38.9827267194193
0.638733333333333	38.9825570844589
0.646233333333333	38.9823920145453
0.653733333333333	38.9822313222739
0.661233333333333	38.9820748267841
0.668733333333333	38.9819223516683
0.6762	38.9817737155679
0.6837	39.0301041203091
0.6912	38.9917147142679
0.6987	38.982592460888
0.7062	38.9814505632204
0.7137	38.9811259862223
0.7212	38.9809530355656
0.7287	38.9808100816837
0.736166666666667	38.9806748292738
0.743666666666667	39.0290149917668
0.751166666666667	38.9906390272897
0.758666666666667	38.9815293615468
0.766166666666667	38.9803975816602
0.773666666666667	38.9800801845521
0.781166666666667	38.9799105403275
0.788633333333333	38.9797691888894
0.796133333333333	39.0281039325203
0.803633333333333	38.9897276230741
0.811133333333333	38.9806178254782
0.818633333333333	38.9794846948448
0.826133333333333	38.9791674423098
0.8336	38.9789991391947
0.8411	39.0273233863869
0.8486	38.9889436115909
0.8561	38.9798311036393
0.8636	38.9786945337193
0.8711	38.9783739170211
0.878566666666667	38.9782041641426
0.886066666666667	39.0265255917277
0.893566666666667	38.9881451916717
0.901066666666667	38.9790312673866
0.908566666666667	38.9778921326942
0.916033333333333	38.977568901017
0.923533333333333	39.02585785997
0.931033333333333	38.987472063378
0.938533333333333	38.9783551490132
0.946033333333333	38.9772122462625
0.9535	38.9768853282957
0.961	39.0251684676082
0.9685	38.9867823823097
0.976	38.9776666986259
0.9835	38.9765222962103
0.991	38.9761929725641
0.998466666666667	38.9760149269563
1.00596666666667	39.0243226766704
1.01346666666667	38.9859417726933
1.02096666666667	38.9768259255668
1.02846666666667	38.9756814914926
1.03593333333333	38.975352741782
1.04343333333333	39.023628762537
1.05093333333333	38.9852419106744
1.05843333333333	38.9761244473271
1.06593333333333	38.9749784444322
1.0734	38.9746483001733
1.0809	39.0229206332059
1.0884	38.984535562222
1.0959	38.9754212653362
1.10336666666667	38.9742755627324
1.11086666666667	39.0223936529374
1.11836666666667	38.9839784040924
1.12586666666667	38.9748580034009
1.13336666666667	38.9737111817539
1.14083333333333	38.9733781208194
1.14833333333333	39.0216423937639
1.15583333333333	38.9832559586992
1.16333333333333	38.9741424005697
1.17083333333333	38.9729973548202
1.1783	38.9726651209869
1.1858	39.0209275488875
1.1933	38.9825428582457
1.2008	38.9734293465386
1.2083	38.972282183294
1.21576666666667	38.9719497319975
1.22326666666667	39.020210414022
1.23076666666667	38.9818278124433
1.23826666666667	38.9727164356067
1.24573333333333	38.9715704504408
1.25323333333333	39.019678475174
1.26073333333333	38.9812671067315
1.26823333333333	38.9721509220273
1.27573333333333	38.9710050080994
1.2832	38.9706724356752
1.2907	39.0189278782875
1.2982	38.9805464860032
1.3057	38.9714382226817
1.31316666666667	38.9702950873883
1.32066666666667	39.0183993158688
1.32816666666667	38.9799897218074
1.33566666666667	38.9708752578198
1.34316666666667	38.9697295104284
1.35063333333333	38.9693969421066
1.35813333333333	39.0176480644836
1.36563333333333	38.9792688817085
1.37313333333333	38.9701629939019
1.3806	38.969020688101
1.3881	39.0171211400116
1.3956	38.9787141912906
1.4031	38.9696025095073
1.4106	38.9684579791699
1.41806666666667	38.9681264015009
1.42556666666667	39.0163741729578
1.43306666666667	38.9779980254228
1.44056666666667	38.9688952955
1.44806666666667	38.9677545716671
1.45553333333333	38.9674257082903
1.46303333333333	39.0156734779585
1.47053333333333	38.9773006331683
1.47803333333333	38.9681994117009
1.4855	38.9670579711021
1.493	39.0151541265417
1.5005	38.9767534760935
1.508	38.967648385202
1.5155	38.9665079284962
1.52296666666667	38.9661799162058
1.53046666666667	39.0144244853083
1.53796666666667	38.9760547073935
1.54546666666667	38.9669584124666
1.55293333333333	38.9658216033517
1.56043333333333	39.0139158557789
1.56793333333333	38.9755184096565
1.57543333333333	38.9664162981017
1.58293333333333	38.9652770563015
1.5904	38.9649496688925
1.5979	39.0131901601992
1.6054	38.9748216541013
1.6129	38.9657257332968
1.62036666666667	38.9645864519267
1.62786666666667	39.0126721746844
1.63536666666667	38.9742701739587
1.64286666666667	38.9651613258761
1.65036666666667	38.9640111140679
1.65783333333333	38.9636694329715
1.66533333333333	39.0118880993113
1.67283333333333	38.9734997481479
1.68033333333333	38.9643800257447
1.68783333333333	38.9632105561911
1.6953	38.9628448319729
1.7028	39.0110327543011
1.7103	38.9726115128727
1.7178	38.9634518484496
1.7253	38.9622333265522
1.73276666666667	38.9618122013039
1.74026666666667	39.0099338993208
1.74776666666667	38.9714373759827
1.75526666666667	38.9621896530642
1.76276666666667	38.9608653522289
1.77026666666667	38.960318576023
1.77773333333333	38.9598823961252
1.78523333333333	39.0078369298001
1.79273333333333	38.9691171742528
1.80023333333333	38.9596057688147
1.80773333333333	38.9579753203455
1.81523333333333	38.9570777189923
1.82273333333333	38.9562435626053
1.83023333333333	38.955342246681
1.83773333333333	38.954342597857
1.84523333333333	38.9532352876202
1.85276666666667	38.9520140849234
1.86026666666667	38.9023420993576
1.86776666666667	38.9387018641256
1.8753	38.9462975497598
1.8828	38.8973028973009
1.89033333333333	38.9334807403975
1.89783333333333	38.8923935529276
1.90536666666667	38.9291937512384
1.9129	38.8880159771224
1.92043333333333	38.8763063090046
1.92796666666667	38.8727496351588
1.9355	38.8699701702725
1.94306666666667	38.8672516856753
1.9506	38.8162358425575
1.95816666666667	38.850847813778
1.96573333333333	38.8090500243029
1.97326666666667	38.7964160207235
1.98086666666667	38.8411942680886
1.98843333333333	38.7623077073261
1.996	38.8028660627411
2.0036	38.8263720996683
2.0112	38.7957067689735
2.0188	38.8026801291709
2.0264	38.8204810766946
2.034	38.8408513509177
2.04163333333333	38.8628418569267
2.04926666666667	38.8382597777062
2.0569	38.8407389926566
2.06453333333333	38.8628089337884
2.07216666666667	38.8893167918595
2.07983333333333	38.9176688071012
2.0875	38.8995744224193
2.09516666666667	38.9185164702434
2.10283333333333	38.949287738143
2.11053333333333	38.9827302889489
2.11823333333333	38.9699888657946
2.12593333333333	38.9937367147166
2.13363333333333	39.0295256274315
2.14136666666667	39.0680164214564
2.1491	39.0604372179259
2.15683333333333	39.0888062180902
2.1646	39.1294733257263
2.17233333333333	39.125467541454
2.1801	39.2045440789851
2.1879	39.2146082306107
2.1957	39.2028987675578
2.2035	39.2362345862632
2.2113	39.2836869078974
2.21913333333333	39.3342062481765
2.22696666666667	39.339007692522
2.2348	39.3781865890382
2.24266666666667	39.4304323629909
2.25053333333333	39.4386025226512
2.2584	39.4809656020521
2.2663	39.5366219040205
2.2742	39.5483227476294
2.28213333333333	39.5936691812998
2.29006666666667	39.605789304911
2.298	39.6526803334508
2.30596666666667	39.7135854198378
2.31393333333333	39.7308351881537
2.3219	39.7809060664763
2.3299	39.8458299240142
2.33793333333333	39.8675399940576
2.34593333333333	39.8747883352892
2.35396666666667	39.9728304425529
2.36203333333333	40.0099420009062
2.37006666666667	40.0210311695979
2.37813333333333	40.1200160840139
2.3862	40.1547983800097
2.3943	40.212963517129
2.4024	40.2362317168072
2.4105	40.290778304976
2.4186	40.3574272889517
2.4267	40.4246682630985
2.4348	40.4902436950042
2.44293333333333	40.5534080578591
2.45103333333333	40.5678153609516
2.45916666666667	40.6547812271758
2.4673	40.6760848562269
2.4754	40.7122567881409
2.48353333333333	40.8018603417728
2.49163333333333	40.8136955023469
2.49973333333333	40.8837045576122
2.50786666666667	40.9314383667389
2.51596666666667	40.9199785669435
2.52406666666667	40.971366902213
2.53213333333333	41.0108880574124
2.54023333333333	41.0879504787513
2.54833333333333	41.0761142283891
2.5564	41.0686294068417
2.56446666666667	41.1150511285316
2.57256666666667	41.1328564732144
2.58063333333333	41.0858745467407
2.5887	41.1058541582388
2.59673333333333	41.1103826499121
2.6048	41.1458444524919
2.61283333333333	41.1026875997564
2.6209	41.1151359237265
2.62893333333333	41.0640095486607
2.63696666666667	41.0590892210382
2.645	41.0603451198557
2.65303333333333	41.0304604978814
2.66106666666667	40.9990205679633
2.6691	40.9668670610495
2.67713333333333	40.934863572979
2.68513333333333	40.9062029979507
2.69316666666667	40.9249287264877
2.70116666666667	40.866384895831
2.70916666666667	40.8728592492052
2.7172	40.8594000387545
2.7252	40.7887466806218
2.7332	40.7946724677968
2.7412	40.7825977469184
2.74916666666667	40.7606207347181
2.75716666666667	40.7845108597685
2.76516666666667	40.7307670620828
2.77313333333333	40.6966523492858
2.78113333333333	40.720745692455
2.7891	40.6691840859879
2.79706666666667	40.6845697369147
2.80503333333333	40.6798830735752
2.813	40.6651444636144
2.82096666666667	40.6513822555095
2.82893333333333	40.6418672225852
2.8369	40.6294204324181
2.84483333333333	40.6167519393701
2.85276666666667	40.6514650010098
2.86073333333333	40.6564065702146
2.86866666666667	40.6013302133978
2.8766	40.6218493701091
2.88453333333333	40.6255861697655
2.89243333333333	40.618365709849
2.90036666666667	40.6566855414034
2.90826666666667	40.6170559954001
2.9162	40.641992504796
2.9241	40.6004609395182
2.932	40.6252990747422
2.9399	40.631033865176
2.9478	40.6252111973101
2.9557	40.6175278770169
2.96356666666667	40.6094503882681
2.97146666666667	40.6485110094996
2.97933333333333	40.6091669422725
2.9872	40.6348299721195
2.99506666666667	40.6403290048531
3.00293333333333	40.6342002590231
3.0108	40.6261207872294
3.01866666666667	40.6175141301465
3.02653333333333	40.6087043815644
3.03436666666667	40.5997351611544
3.04223333333333	40.6379536348418
3.05006666666667	40.5971020284852
3.0579	40.6219302376478
3.06576666666667	40.6260399202124
3.0736	40.5712371855335
3.08143333333333	40.5935355725418
3.08923333333333	40.5968577312413
3.09706666666667	40.6365746845758
3.1049	40.5952033944487
3.1127	40.572250144574
3.12053333333333	40.607846809987
3.12833333333333	40.5657871457874
3.13616666666667	40.5901560908245
3.14396666666667	40.5462046688584
3.15176666666667	40.5700816404544
3.15956666666667	40.5735382901704
3.16736666666667	40.5655536221113
3.17516666666667	40.5558259383867
3.18296666666667	40.5457593237807
3.19076666666667	40.5356569951973
3.19856666666667	40.5255565608043
3.20633333333333	40.5154459591333
3.21413333333333	40.553002075053
3.2219	40.5107056461537
3.2297	40.5353741496055
3.23746666666667	40.4911127971116
3.24523333333333	40.515523101732
3.253	40.5190267192673
3.2608	40.5112931513523
3.26856666666667	40.4541715611902
3.27633333333333	40.4767668874911
3.2841	40.4800291754998
3.29183333333333	40.472412385048
3.2996	40.5110007113963
3.30736666666667	40.4688844864769
3.3151	40.4466494313077
3.32286666666667	40.4830925797317
3.33063333333333	40.4407154678781
3.33836666666667	40.418592809096
3.3461	40.4551235388528
3.35386666666667	40.4606349945852
3.3616	40.4059063005437
3.36933333333333	40.4298677575953
3.37706666666667	40.4335673313195
3.3848	40.4265220788848
3.39253333333333	40.4179287731235
3.40026666666667	40.409039481567
3.408	40.4001493971147
3.41573333333333	40.3912966649249
3.42346666666667	40.3824608166319
3.43116666666667	40.3736415684957
3.4389	40.412808146961
3.44663333333333	40.3709573911532
3.45433333333333	40.3497331356439
3.46206666666667	40.3871311916649
3.46976666666667	40.3450280515574
3.47746666666667	40.3718816895249
3.4852	40.3762826024802
3.4929	40.3217405448799
3.5006	40.3468281246597
3.5083	40.3509731627906
3.516	40.3445109843113
3.5237	40.3365304550226
3.5314	40.328252384294
3.5391	40.3199611484817
3.5468	40.3116960416411
3.5545	40.3034375589053
3.5622	40.2951822791853
3.56986666666667	40.2869384434365
3.57756666666667	40.3268091296648
3.58526666666667	40.2850445636217
3.59293333333333	40.2646409006488
3.60063333333333	40.3027981269787
3.6083	40.2607791930915
3.616	40.2885662640775
3.62366666666667	40.2450864163297
3.63133333333333	40.2726280824937
3.63903333333333	40.2772976733077
3.6467	40.22314444469
3.65436666666667	40.2492944627668
3.66203333333333	40.2537407391958
3.6697	40.2477799676821
3.67736666666667	40.2403611348905
3.68503333333333	40.2326647005325
3.6927	40.2249633088222
3.70036666666667	40.217288592906
3.70803333333333	40.2096215057235
3.7157	40.2019587131804
3.72336666666667	40.1943074235383
3.731	40.186674200998
3.73866666666667	40.2272880126252
3.74633333333333	40.1856236956761
3.75396666666667	40.1661390023755
3.76163333333333	40.205127482225
3.7693	40.163229864225
3.77693333333333	40.1438357255967
3.78456666666667	40.1829098432897
3.79223333333333	40.189304117293
3.79986666666667	40.1358155471413
3.80753333333333	40.1630810809525
3.81516666666667	40.1195723553775
3.8228	40.1483205738852
3.83046666666667	40.1534110166645
3.8381	40.0997848227772
3.84573333333333	40.1272048777244
3.85336666666667	40.1441143339424
3.861	40.1295566254136
3.86863333333333	40.1326058848977
3.87626666666667	40.128011864675
3.8839	40.121456765791
3.89153333333333	40.1145454811877
3.89916666666667	40.1075546321925
3.9068	40.1005452540455
3.91443333333333	40.0935295336847
3.92203333333333	40.0865082332962
3.92966666666667	40.1278499661952
3.9373	40.0853837837685
3.94493333333333	40.0674284581883
3.95253333333333	40.0589292660424
3.96016666666667	40.1000444549187
3.9678	40.0575822284352
3.9754	40.0397010792171
3.98303333333333	40.079612460753
3.99063333333333	40.0369211292608
3.99826666666667	40.0674734673667
4.00586666666667	40.0236045188715
4.0135	40.0539649197884
4.0211	40.0101231757772
4.02873333333333	40.0405662481273
4.03633333333333	39.9967757766577
4.04393333333333	40.0272968694785
4.05156666666667	40.0319605684505
4.05916666666667	39.978617341643
4.06676666666667	40.0080271776635
4.0744	40.012552270991
4.082	39.9593047096305
4.0896	39.9888514252382
4.0972	39.9934581360797
4.1048	39.9886914657912
4.1124	39.9827446659504
4.12	39.9765753177819
4.1276	39.9704158559701
4.1352	39.9642936280264
4.1428	39.9581867595567
4.1504	39.9520910471019
4.158	39.9460113483557
4.1656	39.9399509599394
4.1732	39.9339155917832
4.1808	39.9279106225458
4.1884	39.9219375553957
4.19596666666667	39.9159984708884
4.20356666666667	39.9585485034296
4.21116666666667	39.9166110681448
4.21876666666667	39.9002073760433
4.22633333333333	39.8930007344546
4.23393333333333	39.9354321124897
4.24153333333333	39.8935816495725
4.2491	39.8773087984883
4.2567	39.9186465104601
4.2643	39.8766078961874
4.27186666666667	39.8604138119502
4.27946666666667	39.9018507435487
4.28703333333333	39.8598792018992
4.29463333333333	39.8922266533034
4.3022	39.8491598663602
4.3098	39.8813317963306
4.31736666666667	39.8382974026524
4.32493333333333	39.8705446732242
4.33253333333333	39.8760242013758
4.3401	39.8236867129589
4.3477	39.8548451085776
4.35526666666667	39.8116767431859
4.36283333333333	39.8440359507183
4.3704	39.8496086213667
4.378	39.8458426339495
4.38556666666667	39.7924587465605
4.39313333333333	39.8235403291528
4.4007	39.8289187602092
4.4083	39.8252140832646
4.41586666666667	39.7719046973706
4.42343333333333	39.8030542591893
4.431	39.8084606364834
4.43856666666667	39.8048059866497
4.44613333333333	39.8000298112701
4.4537	39.7950359736827
4.46126666666667	39.7900450539523
4.46883333333333	39.78508105909
4.4764	39.7801262785831
4.48396666666667	39.7751764910719
4.49153333333333	39.7702321297513
4.4991	39.7652963776234
4.50666666666667	39.7603748031056
4.51423333333333	39.7554722100479
4.5218	39.7505895397739
4.52936666666667	39.7457283887188
4.53693333333333	39.7408908786636
4.54446666666667	39.7360790984253
4.55203333333333	39.7798219514896
4.5596	39.7383711163969
4.56716666666667	39.7234714987186
4.57473333333333	39.7174618813324
4.58226666666667	39.7125431128879
4.58983333333333	39.7563822885726
4.5974	39.7150084763576
4.60496666666667	39.7002093045519
4.6125	39.6942886491464
4.62006666666667	39.7379851766038
4.62763333333333	39.6966718788663
4.63516666666667	39.6819951914487
4.64273333333333	39.7246859959332
4.6503	39.6831988650433
4.65783333333333	39.668583875327
4.6654	39.7113526799575
4.67293333333333	39.6699178539497
4.6805	39.7038899275795
4.68803333333333	39.6614352571042
4.6956	39.695232915552
4.70316666666667	39.6527970893436
4.7107	39.6381360899557
4.71826666666667	39.6810186344867
4.7258	39.6396909554681
4.73336666666667	39.6738079778333
4.7409	39.6314611437134
4.74843333333333	39.6654212338751
4.756	39.6716522542683
4.76353333333333	39.6203423672703
4.7711	39.6533204890582
4.77863333333333	39.6108527682908
4.7862	39.6449194542404
4.79373333333333	39.6026850330093
4.80126666666667	39.6367951286672
4.80883333333333	39.6431056528559
4.81636666666667	39.5918985946218
4.8239	39.6250106048424
4.83143333333333	39.6311646728906
4.839	39.6285246408703
4.84653333333333	39.5763183530803
4.85406666666667	39.6092778366195
4.8616	39.61542975362
4.86916666666667	39.612813685961
4.8767	39.5606258801581
4.88423333333333	39.5936175131989
4.89176666666667	39.5997806525767
4.8993	39.5971923920531
4.90686666666667	39.5935668804888
4.9144	39.5412158477503
4.92193333333333	39.5742683090435
4.92946666666667	39.5804823325219
4.937	39.5779462046083
4.94453333333333	39.5743788750521
4.95206666666667	39.5706142539504
4.9596	39.5668559109147
4.96716666666667	39.563127129207
4.9747	39.5108980523028
4.98223333333333	39.5441024054026
4.98976666666667	39.5504053048569
4.9973	39.5479860191605
5.00483333333333	39.5445614787899
5.01236666666667	39.5409666242673
5.0199	39.5374022952222
5.02743333333333	39.5338885614036
5.03496666666667	39.5304071237138
5.0425	39.5269530848408
5.05003333333333	39.5235295933546
5.05756666666667	39.5201421621109
5.0651	39.5167990971138
5.07263333333333	39.5135090338156
5.08016666666667	39.5102783273899
5.0877	39.5071165600137
5.09523333333333	39.5040369188527
5.10276666666667	39.5010561937552
5.1103	39.4981949840994
5.11786666666667	39.4954784425554
5.1254	39.4444432931342
5.13293333333333	39.4790840573643
5.14046666666667	39.4869579141922
5.14803333333333	39.4864371558846
5.15556666666667	39.4367639459139
5.16313333333333	39.4727673520934
5.17066666666667	39.4337400934938
5.17823333333333	39.4720273765691
5.1858	39.4343947829835
5.19336666666667	39.4255285572023
5.20093333333333	39.4263022098784
5.2085	39.4289456467694
5.21606666666667	39.432690875984
5.22363333333333	39.4374152910949
5.23123333333333	39.4431632225285
5.23883333333333	39.4016599789239
5.24643333333333	39.397884057004
5.25403333333333	39.4054722575389
5.26163333333333	39.4156157325507
5.26923333333333	39.427277660772
5.27686666666667	39.4402860540358
5.2845	39.4064745717118
5.29213333333333	39.4102158510083
5.29976666666667	39.4258454116136
5.30743333333333	39.4443401080291
5.3151	39.4164893521369
5.32276666666667	39.4258041032442
5.33043333333333	39.447331949462
5.3381	39.4718946292346
5.3458	39.4866639108991
5.3535	39.4637508127465
5.36123333333333	39.4790745246091
5.36893333333333	39.4599448003875
5.37666666666667	39.5260318331909
5.3844	39.5236000545503
5.39216666666667	39.5469071801585
5.3999	39.5343957996755
5.4077	39.6062345724068
5.41546666666667	39.5629568085113
5.42326666666667	39.6256397510423
5.43106666666667	39.6315887947411
5.43886666666667	39.663441986511
5.4467	39.7077072856564
5.45453333333333	39.7076448491833
5.4624	39.7421626828652
5.47026666666667	39.7433292527149
5.47813333333333	39.7802029749062
5.486	39.8314038918828
5.4939	39.8859365309614
5.50183333333333	39.8951240947284
5.50976666666667	39.8906026353153
5.5177	39.931834626779
5.52566666666667	39.9894718322107
5.53363333333333	40.0040183205915
5.5416	40.0512470845106
5.5496	40.1131366571697
5.55763333333333	40.1318165933543
5.56563333333333	40.1362506293018
5.5737	40.2332617344101
5.58176666666667	40.2241275951284
5.58983333333333	40.265751136532
5.59793333333333	40.3335830261886
5.60603333333333	40.3603864848108
5.61413333333333	40.4184105970632
5.62226666666667	40.4911413153112
5.63043333333333	40.5208606584935
5.6386	40.5318572892096
5.64676666666667	40.5901283337536
5.65496666666667	40.6652701256188
5.66316666666667	40.6973687247644
5.67136666666667	40.7585216839558
5.67956666666667	40.8324127943308
5.6878	40.9074654130991
5.69603333333333	40.9356032536264
5.70426666666667	40.9902500240364
5.71253333333333	41.0562406047579
5.72076666666667	41.0761607913546
5.729	41.1668773070578
5.73726666666667	41.2398290139868
5.7455	41.2566242503588
5.75373333333333	41.3314745563841
5.762	41.4095027253943
5.77023333333333	41.4128709590189
5.77846666666667	41.4754947612352
5.78666666666667	41.5232035715766
5.7949	41.5977717496272
5.80313333333333	41.5936006996402
5.81133333333333	41.5917544010652
5.81953333333333	41.6433979747665
5.82773333333333	41.6676885605385
5.83593333333333	41.6710910723534
5.84413333333333	41.6664742404456
5.8523	41.6566495379688
5.8605	41.6885404148732
5.86866666666667	41.6455281144292
5.87683333333333	41.6537531636319
5.88496666666667	41.6467946430121
5.89313333333333	41.6693369127481
5.9013	41.6151654542648
5.90943333333333	41.5675252333037
5.91756666666667	41.5772344850159
5.92573333333333	41.5625066764137
5.93386666666667	41.4847745453729
5.942	41.4750137999673
5.95013333333333	41.4545789770515
5.95823333333333	41.4208424050872
5.96636666666667	41.430990988237
5.9745	41.3683787942926
5.9826	41.3017478775724
5.9907	41.2983603293137
5.99883333333333	41.2851418881077
6.00693333333333	41.2063861562993
6.01503333333333	41.20042200143
6.02313333333333	41.1821024580469
6.03123333333333	41.1548779522953
6.03933333333333	41.1273595062649
6.0474	41.1008058854482
6.0555	41.1220435955067
6.06356666666667	41.0677387792031
6.07163333333333	41.078597607952
6.07973333333333	41.0711928937432
6.0878	41.0071713975904
6.09583333333333	41.0196069757429
6.1039	41.0619543675875
6.11196666666667	41.0183452933095
6.12	40.9896006166009
6.12806666666667	41.0193906040718
6.1361	40.9830593041825
6.14413333333333	41.0004146373053
6.15216666666667	41.007565596256
6.16016666666667	41.000271764108
6.1682	41.0374086171427
6.1762	40.9979684549183
6.1842	41.0211454531465
6.1922	41.0265053285048
6.2002	41.0199073483799
6.2082	41.0113366074075
6.2162	41.0023152631632
6.22416666666667	40.993167401957
6.23213333333333	41.0308346675466
6.2401	41.0383978825058
6.24806666666667	41.0318958219415
6.25603333333333	41.0227897395314
6.264	41.0129917902486
6.27196666666667	41.0029013163962
6.2799	40.9925344644661
6.28783333333333	41.028913865513
6.2958	41.0350283667896
6.30373333333333	40.9797913674268
6.31163333333333	40.9990044024524
6.31956666666667	41.0486078405474
6.3275	41.008902791512
6.33543333333333	40.983491151719
6.34333333333333	40.9688522365446
6.35123333333333	41.0030376177627
6.35913333333333	41.0071065304255
6.36706666666667	40.997190830327
6.37496666666667	40.9374452040325
6.38286666666667	40.9547663173175
6.39073333333333	40.9553257408232
6.39863333333333	40.9916843347205
6.40653333333333	40.947948292555
6.4144	40.9208508658303
6.4223	40.9523199352637
6.43016666666667	40.907470653452
6.43803333333333	40.9275806894323
6.4459	40.9283456162094
6.45376666666667	40.9174568413723
6.46163333333333	40.9048053778053
6.4695	40.891841162112
6.47736666666667	40.8788893472042
6.48523333333333	40.8659933922535
6.49306666666667	40.8531363023096
6.50093333333333	40.887823877383
6.50876666666667	40.8441080111054
6.5166	40.8652625063133
6.52446666666667	40.8670163463586
6.5323	40.8094224816773
6.54013333333333	40.8286422127328
6.54796666666667	40.8302463902968
6.5558	40.8204168677912
6.56363333333333	40.8088562553446
6.57146666666667	40.797001108205
6.57926666666667	40.7851932697389
6.5871	40.8211235165244
6.59493333333333	40.7780881775509
6.60273333333333	40.7530180803701
6.61053333333333	40.7869933602663
6.61836666666667	40.7914094301208
6.62616666666667	40.7350586669568
6.63396666666667	40.7557876842335
6.64176666666667	40.7581999970824
6.64956666666667	40.7493305196955
6.65736666666667	40.7387538753823
6.66516666666667	40.7278537333336
6.67296666666667	40.7169573560819
6.68073333333333	40.7061090995836
6.68853333333333	40.743068285036
6.69633333333333	40.7004280728743
6.7041	40.6763923722884
6.71186666666667	40.7113445341737
6.71966666666667	40.71620820142
6.72743333333333	40.6603498629759
6.7352	40.6821786568831
6.74296666666667	40.685000375825
6.75073333333333	40.6766709404706
6.7585	40.6666543784963
6.76626666666667	40.6562979253283
6.77403333333333	40.6459206121682
6.7818	40.6355666964824
6.78956666666667	40.6252166960674
6.7973	40.6148722169693
6.80506666666667	40.6524594313306
6.81283333333333	40.6098378808919
6.82056666666667	40.5865495935462
6.8283	40.622209603521
6.83606666666667	40.6272523294953
6.8438	40.5716785684751
6.85153333333333	40.594467739038
6.8593	40.5975418004015
6.86703333333333	40.5416816845888
6.87476666666667	40.5645776954096
6.8825	40.5677188522631
6.89023333333333	40.559893319655
6.89793333333333	40.5504521587606
6.90566666666667	40.5887476063689
6.9134	40.5462392429195
6.92113333333333	40.5237625765915
6.92883333333333	40.5121157804066
6.93656666666667	40.5501315308794
6.9443	40.5076148283905
6.952	40.4852116739136
6.9597	40.5216556150784
6.96743333333333	40.5269220700799
6.97513333333333	40.4717236026031
6.98283333333333	40.4956034201228
6.99056666666667	40.4990186382289
6.99826666666667	40.4435822991533
7.00596666666667	40.467587996034
7.01366666666667	40.4710815301513
7.02136666666667	40.4638122650802
7.02906666666667	40.4549906699381
7.03676666666667	40.4458798378974
7.04446666666667	40.436777188144
7.05216666666667	40.4277209322419
7.05983333333333	40.4186882519049
7.06753333333333	40.4578387526568
7.07523333333333	40.4155321596932
7.0829	40.3941167280096
7.0906	40.4314884407459
7.09826666666667	40.3889145357571
7.10596666666667	40.4157699945108
7.11363333333333	40.3716898513231
7.12133333333333	40.3982949402917
7.129	40.3542248447518
7.1367	40.3809291982336
7.14436666666667	40.33691242114
7.15203333333333	40.3637176291629
7.1597	40.3802822785409
7.16736666666667	40.3642892647844
7.17503333333333	40.3661643681979
7.18273333333333	40.3602630365495
7.1904	40.3041145787476
7.19803333333333	40.3172357759262
7.2057	40.3786423231792
7.21336666666667	40.3397232503593
7.22103333333333	40.3207427862723
7.2287	40.3108474207198
7.23636666666667	40.3022064120268
7.244	40.293872164286
7.25166666666667	40.333866679784
7.25933333333333	40.2907293274645
7.26696666666667	40.271045095466
7.27463333333333	40.3094354248715
7.2823	40.2660478587383
7.28993333333333	40.246456816108
7.2976	40.2849448334986
7.30523333333333	40.2416027186358
7.31286666666667	40.2704176481304
7.32053333333333	40.2741515210658
7.32816666666667	40.2195571976983
7.33583333333333	40.2469053081363
7.34346666666667	40.2021284331293
7.3511	40.2308928067141
7.35873333333333	40.2347788555715
7.36636666666667	40.2287092204302
7.37403333333333	40.2213291265931
7.38166666666667	40.1653940062609
7.3893	40.1927711400064
7.39693333333333	40.196522412888
7.40456666666667	40.1906102824073
7.4122	40.1834060615175
7.41983333333333	40.1759628989589
7.42743333333333	40.1685455528878
7.43506666666667	40.2095846310081
7.4427	40.166873203807
7.45033333333333	40.148536665794
7.45796666666667	40.1397191761427
7.46556666666667	40.1321805431318
7.4732	40.1733209795241
7.48083333333333	40.1306838860121
7.48846666666667	40.1124835728331
7.49606666666667	40.1038017349211
7.5037	40.144811947925
7.5113	40.1022804248719
7.51893333333333	40.1326750359945
7.52653333333333	40.0886915322974
7.53416666666667	40.1188904468527
7.54176666666667	40.0749691878797
7.5494	40.1052640028503
7.557	40.0613929742651
7.5646	40.09175622162
7.57223333333333	40.0963573498274
7.57983333333333	40.0428695220615
7.58743333333333	40.0720936333959
7.59506666666667	40.0765404452779
7.60266666666667	40.0231351038637
7.61026666666667	40.0524799185407
7.61786666666667	40.0569883216565
7.62546666666667	40.0520718348451
7.63306666666667	40.045954148899
7.6407	40.0396020653093
7.6483	39.9848363357749
7.6559	40.0140955056729
7.6635	40.0186965618146
7.6711	40.0139039370172
7.6787	40.0079029814436
7.68626666666667	40.0016779728672
7.69386666666667	40.0439558388585
7.70146666666667	40.00180511326
7.70906666666667	39.9850177101555
7.71666666666667	39.9774572047218
7.72426666666667	39.9710764407764
7.73186666666667	39.9649433309218
7.73943333333333	39.9588347622601
7.74703333333333	40.0012097481263
7.75463333333333	39.9591031838333
7.7622	39.9424597344083
7.7698	39.98352219272
7.7774	39.9412541833742
7.78496666666667	39.9247068767639
7.79256666666667	39.965845543031
7.80016666666667	39.9236098440116
7.80773333333333	39.9071294174151
7.81533333333333	39.948335537664
7.8229	39.9061622180551
7.8305	39.9382549345645
7.83806666666667	39.8949861396707
7.84566666666667	39.9269055563732
7.85323333333333	39.8836701368461
7.86083333333333	39.9156679836654
7.8684	39.8724753618893
7.87596666666667	39.9045298876197
7.88356666666667	39.9098756280581
7.89113333333333	39.8573642416478
7.8987	39.8883392939858
7.9063	39.8935196830851
7.91386666666667	39.8410609375435
7.92143333333333	39.8721204182552
7.929	39.877335481325
7.9366	39.8734120839678
7.94416666666667	39.8198772887454
7.95173333333333	39.8507906093991
7.9593	39.8560508337281
7.96686666666667	39.8522218220775
7.97443333333333	39.8472652708092
7.98203333333333	39.8420948809248
7.9896	39.7884570539887
7.99716666666667	39.8195546421165
8.00473333333333	39.8249680352557
8.0123	39.8213097923311
8.01986666666667	39.8165514846622
8.02743333333333	39.8116120732302
8.035	39.8067233613184
8.04256666666667	39.8019169607652
8.05013333333333	39.7971780878262
8.0577	39.7925097645141
8.06526666666667	39.7879272748324
8.07283333333333	39.7834520471675
8.08043333333333	39.779112380331
8.088	39.7264732049279
8.09556666666667	39.7587743794188
8.10313333333333	39.7655062698019
8.11073333333333	39.7634755120259
8.1183	39.7122151527307
8.12586666666667	39.7458943082435
8.13346666666667	39.7542298753273
8.14106666666667	39.7056375163152
8.14863333333333	39.6928658092778
8.15623333333333	39.7394100388806
8.16383333333333	39.7034230908594
8.17143333333333	39.6944466035762
8.17903333333333	39.6954830534479
8.18666666666667	39.6986964701068
8.19426666666667	39.6549570301077
8.2019	39.6966272110525
8.20953333333333	39.6660285778854
8.21716666666667	39.6634423751516
8.2248	39.6717163405056
8.23246666666667	39.6826492857737
8.2401	39.6471647286548
8.24776666666667	39.6968755067103
8.25543333333333	39.6755017472858
8.26313333333333	39.6818024314001
8.2708	39.6513811775852
8.2785	39.7069391346515
8.2862	39.692622659198
8.29393333333333	39.6937408995892
8.30163333333333	39.6673085430329
8.30936666666667	39.7277827910079
8.3171	39.7207317995809
8.32486666666667	39.7392351691101
8.33263333333333	39.7222021408371
8.3404	39.7419070337205
8.34816666666667	39.7757503917146
8.35596666666667	39.8131401531402
8.36376666666667	39.8049693545946
8.3716	39.8315593274323
8.37943333333333	39.8247624934819
8.38726666666667	39.8541897526306
8.3951	39.8981465149194
8.40296666666667	39.9456518564984
8.41086666666667	39.947827944778
8.41873333333333	39.9365885969161
8.42663333333333	40.0186925924569
8.43456666666667	40.0385879880593
8.4425	40.0339587345154
8.45043333333333	40.0734809149219
8.4584	40.1294221003761
8.46636666666667	40.1424319421198
8.47436666666667	40.1881594778858
8.48236666666667	40.2021664472247
8.49036666666667	40.2502995852653
8.4984	40.3137780676103
8.50646666666667	40.3342429361194
8.51453333333333	40.3410150675282
8.52263333333333	40.3930517246762
8.53073333333333	40.4162212292295
8.53883333333333	40.4729030124878
8.54696666666667	40.5451615916046
8.55513333333333	40.5748707255823
8.5633	40.5890382451077
8.57146666666667	40.6471299161237
8.5797	40.7189405670185
8.5879	40.7074023049363
8.59613333333333	40.8023508233452
8.6044	40.8510365388676
8.61266666666667	40.8745405457759
8.62096666666667	40.9391339171459
8.62926666666667	40.9743743018214
8.63756666666667	41.0404217905519
8.6459	41.1206448802817
8.65423333333333	41.1571093747988
8.66256666666667	41.2202406282268
8.67093333333333	41.2960175931844
8.6793	41.3268902545479
8.68763333333333	41.3826284378562
8.696	41.494930041948
8.70436666666667	41.5523535915803
8.71273333333333	41.6030832036416
8.7211	41.6597050335878
8.72946666666667	41.7133238995907
8.73783333333333	41.7619987515318
8.7462	41.8049748866073
8.75453333333333	41.8419032891948
8.7629	41.9179223037726
8.77123333333333	41.919204723473
8.77956666666667	41.9654853113011
8.78786666666667	41.9961033534262
8.7962	42.0516516335216
8.8045	42.0295553963475
8.8128	42.0527359573219
8.8211	42.0607072280886
8.8294	42.049185994225
8.83766666666667	42.0300028685299
8.84593333333333	42.0514218236661
8.8542	42.0451241491652
8.86246666666667	42.0181435411819
8.87073333333333	41.9844837159301
8.87896666666667	41.9473564642848
8.8872	41.9536906353369
8.89546666666667	41.9341116242234
8.9037	41.8501583457706
8.9119	41.8317439931165
8.92013333333333	41.8505852788421
8.92836666666667	41.7849863150761
8.93656666666667	41.7243928736009
8.9448	41.7228036444064
8.953	41.6535824551051
8.96123333333333	41.6397803055453
8.96943333333333	41.5695795395883
8.97763333333333	41.5423001720464
8.98583333333333	41.5197719537784
8.994	41.4808481066266
9.0022	41.4847407202596
9.0104	41.4290290350052
9.01856666666667	41.3767455417828
9.02676666666667	41.3885843921776
9.03493333333333	41.3301244588406
9.0431	41.3359012037631
9.05126666666667	41.325473770338
9.05943333333333	41.3048842145448
9.06756666666667	41.2839486254861
9.07573333333333	41.3104121574685
9.08386666666667	41.2621906207079
9.092	41.277885975457
9.10013333333333	41.2761379069067
9.10826666666667	41.2638276935501
9.1164	41.2505646516892
9.1245	41.2377129972802
9.13263333333333	41.2719536316692
9.14073333333333	41.2319762856581
9.14883333333333	41.2527674431159
9.1569	41.2595967748689
9.165	41.3045049477088
9.17306666666667	41.2682802997478
9.18113333333333	41.2912524536259
9.1892	41.2973011829223
9.19726666666667	41.2907103270402
9.20533333333333	41.2817626478477
9.21336666666667	41.2720743691527
9.22143333333333	41.3087067565586
9.22946666666667	41.2693267275714
9.2375	41.2908153738803
9.24553333333333	41.2948264248498
9.25353333333333	41.2860434066482
9.26156666666667	41.3215762700565
9.26956666666667	41.2783613498622
9.27756666666667	41.2995248816598
9.28556666666667	41.3013973062733
9.29356666666667	41.2909990493986
9.30156666666667	41.277942946011
9.30956666666667	41.2639073099084
9.31753333333333	41.2494162808967
9.32553333333333	41.2815963836467
9.3335	41.2352929798574
9.34146666666667	41.2538935134545
9.34943333333333	41.2534597016442
9.3574	41.2404570563507
9.36536666666667	41.2252175098247
9.37333333333333	41.2094032772512
9.38126666666667	41.1934291395513
9.38923333333333	41.2245233626709
9.39716666666667	41.177927472484
9.4051	41.1953370492586
9.41303333333333	41.1941968112738
9.42096666666667	41.1808675385131
9.4289	41.1655427856614
9.43683333333333	41.149837718161
9.44476666666667	41.1341401120575
9.4527	41.118519926449
9.4606	41.1029719749494
9.46853333333333	41.134798242319
9.47643333333333	41.0892394796643
9.48433333333333	41.1073767448986
9.49223333333333	41.107384409532
9.50013333333333	41.0954434021433
9.50803333333333	41.0817187784835
9.51593333333333	41.0677387884489
9.52383333333333	41.0538395004269
9.53173333333333	41.0400624707373
9.5396	41.026384354297
9.5475	41.0602326318455
9.55536666666667	41.0164273907596
9.56326666666667	41.0364142025084
9.57113333333333	40.9904669280486
9.579	41.0102888489372
9.58686666666667	41.0119951348048
9.59473333333333	41.0016485549655
9.6026	40.9894268485818
9.61046666666667	40.9769029315076
9.61833333333333	40.9644149539269
9.62616666666667	40.951999204875
9.63403333333333	40.9871946030687
9.64186666666667	40.9440981999569
9.6497	40.9654872731653
9.65756666666667	40.9677738195667
9.6654	40.9104450209721
9.67323333333333	40.9296822135946
9.68106666666667	40.9316350391678
9.6889	40.92195468866
9.69673333333333	40.910432117367
9.70456666666667	40.8985378851624
9.71236666666667	40.8866231320743
9.7202	40.9224402085035
9.728	40.8793772351757
9.73583333333333	40.9015324170017
9.74363333333333	40.8562213724874
9.75146666666667	40.8780081557482
9.75926666666667	40.832659043914
9.76706666666667	40.8544932327063
9.77486666666667	40.8568813173939
9.78266666666667	40.8474791594844
9.79046666666667	40.8362540206148
9.79826666666667	40.8246975340854
9.80606666666667	40.8131299664111
9.81383333333333	40.8015875315856
9.82163333333333	40.8378804554702
9.82943333333333	40.7946936178803
9.8372	40.7697341947482
9.84496666666667	40.8039218150051
9.85276666666667	40.8082403041084
9.86053333333333	40.7516239522451
9.8683	40.7725094919254
9.8761	40.7747219451981
9.88386666666667	40.7177888382586
9.89163333333333	40.7387898116169
9.8994	40.7410817430768
9.90716666666667	40.7321253767586
9.9149	40.7214728018746
9.92266666666667	40.7584636448966
9.93043333333333	40.7153921990518
9.9382	40.6913065896372
9.94593333333333	40.6783556386563
9.9537	40.7150893050382
9.96143333333333	40.672049898234
9.9692	40.6960615560708
9.97693333333333	40.6509969111812
9.98466666666667	40.6747363155667
9.9924	40.6777422858488
10.0001666666667	40.6693801060353
10.0079	40.6113171353981
10.0156333333333	40.6332405012747
10.0233666666667	40.6360028049389
10.0311	40.6277564201609
10.0388333333333	40.6178505433593
10.0465666666667	40.6076357352893
10.0542666666667	40.5974368353919
10.062	40.6353781510897
10.0697333333333	40.5926208355708
10.0774333333333	40.5696694375672
10.0851666666667	40.6057185772149
10.0928666666667	40.5626534761824
10.1006	40.587881699059
10.1083	40.5432190657182
10.1160333333333	40.5681872315898
10.1237333333333	40.5235388103547
10.1314333333333	40.548621723148
10.1391333333333	40.5521555775055
10.1468666666667	40.5445602895859
10.1545666666667	40.4872311415612
10.1622666666667	40.5105698297362
10.1699666666667	40.5138992219017
10.1776666666667	40.5064439540995
10.1853666666667	40.497397182587
10.1930333333333	40.4880558366898
10.2007333333333	40.5269222719975
10.2084333333333	40.4961140165323
10.2161333333333	40.4653548957494
10.2238	40.4520352795224
10.2315	40.5027062359614
10.2392	40.4621239832286
10.2468666666667	40.441696656258
10.2545666666667	40.4790348855748
10.2622333333333	40.4352595035557
10.2699333333333	40.4625501331089
10.2776	40.4174003560384
10.2852666666667	40.444443087156
10.2929666666667	40.4475436924699
10.3006333333333	40.3921116673369
10.3083	40.4178115951503
10.3159666666667	40.4206702419371
10.3236333333333	40.4135352699983
10.3313	40.405017517477
10.3389666666667	40.3962179897659
10.3466333333333	40.3874106277189
10.3543	40.378632758899
10.3619666666667	40.3698669649158
10.3696333333333	40.361110914702
10.3773	40.3523729414935
10.3849666666667	40.3436605840604
10.3926333333333	40.3349836421735
10.4002666666667	40.3263512963259
10.4079333333333	40.3660881200588
10.4156	40.3227652566225
10.4232333333333	40.3028769708052
10.4309	40.3411332694936
10.4385666666667	40.2976371222271
10.4462	40.2779062101799
10.4538666666667	40.3163088633127
10.4615	40.272906120438
10.4691333333333	40.3016409147675
10.4768	40.3053524843027
10.4844333333333	40.2507028262545
10.4920666666667	40.2779874944784
10.4997333333333	40.281538093814
10.5073666666667	40.2270085502482
10.515	40.2544423212133
10.5226333333333	40.2580709701076
10.5303	40.2519797742433
10.5379333333333	40.1962600140992
10.5455666666667	40.2235813883581
10.5532	40.227304303111
10.5608333333333	40.2213664313299
10.5684666666667	40.2141371071208
10.5761	40.20666345457
10.5837	40.1992088580889
10.5913333333333	40.2402169398067
10.5989666666667	40.1974776623112
10.6066	40.1790527072124
10.6142333333333	40.1701621352073
10.6218333333333	40.1625503006616
10.6294666666667	40.2036266962677
10.6371	40.1609309368197
10.6447333333333	40.1426100735298
10.6523333333333	40.1338218698109
10.6599666666667	40.1747396069585
10.6675666666667	40.1321235693239
10.6752	40.1623872960188
10.6828	40.118299670881
10.6904333333333	40.1483546223344
10.6980333333333	40.1043180607051
10.7056666666667	40.1344583431908
10.7132666666667	40.090461223988
10.7209	40.1206596368866
10.7285	40.0767049604366
10.7361	40.1069772035904
10.7437	40.1115175198196
10.7513333333333	40.1063795026901
10.7589333333333	40.0515704209227
10.7665333333333	40.0804860091001
10.7741333333333	40.0848575618255
10.7817666666667	40.0798105621713
10.7893666666667	40.025105591979
10.7969666666667	40.0541318714354
10.8045666666667	40.0585744492137
10.8121666666667	40.0536350897627
10.8197666666667	40.0474939892673
10.8273666666667	40.0411351841953
10.8349666666667	40.0348037664854
10.8425666666667	40.0285306542171
10.8501666666667	40.022299863907
10.8577666666667	40.0161104374059
10.8653666666667	40.0099676234831
10.8729666666667	40.0038808073094
10.8805666666667	39.9978630723845
10.8881666666667	39.9919284120879
10.8957666666667	39.9860898020129
10.9033666666667	39.9803645618045
10.9109333333333	39.9747740517705
10.9185333333333	40.0178276608391
10.9261666666667	39.9765701562228
10.9337666666667	39.9125154328843
10.9413666666667	39.9420059818636
10.9489666666667	39.9481988069383
10.9565666666667	39.9456590191325
10.9641666666667	39.9423756849728
10.9718	39.9393800410737
10.9794	39.888626349252
10.9870333333333	39.9226899900654
10.9946666666667	39.8843659184838
11.0022666666667	39.8732825063824
11.0099	39.9211391425277
11.0175666666667	39.8873072855651
11.0252	39.8314931057967
11.0328333333333	39.8698767504443
11.0405	39.8866124822044
11.0481666666667	39.8472957875135
11.0558333333333	39.8435142532045
11.0635	39.8520765130535
11.0712	39.8638297114909
11.0788666666667	39.8294659705034
11.0865666666667	39.8797957118711
11.0942666666667	39.860291137051
11.102	39.8677625136137
11.1097333333333	39.8390795414729
11.1174666666667	39.8359522323366
11.1252	39.8555792928496
11.1329333333333	39.8808869492453
11.1407	39.908740868139
11.1485	39.8907901373999
11.1562666666667	39.8603950987499
11.1640666666667	39.9248543592932
11.1718666666667	39.925041978972
11.1797	39.9496692242659
11.1875	39.9395881879224
11.1953666666667	40.012925751864
11.2032	39.9738972604567
11.2110666666667	40.0378300271577
11.2189333333333	40.0482709411303
11.2268333333333	40.0831921241286
11.2347333333333	40.0842874712386
11.2426666666667	40.1204068411626
11.2506	40.1246591400671
11.2585333333333	40.1638797149736
11.2665	40.2184550064647
11.2744666666667	40.2298798340311
11.2824666666667	40.2740370896043
11.2904666666667	40.2867476753014
11.2984666666667	40.3337086390037
11.3065333333333	40.3962566639871
11.3145666666667	40.3693398869287
11.3226333333333	40.4507489761211
11.3307333333333	40.4855334117133
11.3388333333333	40.4965886182019
11.3469666666667	40.5508579457675
11.3551	40.576310754867
11.3632333333333	40.6349035955611
11.3714333333333	40.7095431111972
11.3796333333333	40.6959301012238
11.3878333333333	40.7406255491861
11.3960666666667	40.8107152027074
11.4043333333333	40.8463390869834
11.4126	40.8687197384282
11.4209	40.9349200337475
11.4292333333333	40.9731889102188
11.4375666666667	40.9983274650622
11.4459333333333	41.0670472591668
11.4543333333333	41.1084676847137
11.4627333333333	41.1362465871685
11.4711666666667	41.2071603970678
11.4796333333333	41.25140163417
11.4881	41.281539208765
11.4966	41.3543116913433
11.5051333333333	41.4008889029009
11.5136666666667	41.432766424516
11.5222333333333	41.5065857219569
11.5308333333333	41.554400493451
11.5394333333333	41.5866292586413
11.5480666666667	41.6686282634419