-0.63	17.1866
-0.6236	17.1994486812227
-0.6172	17.2000813301497
-0.6108	17.2013854868414
-0.6044	17.2041826766099
-0.598	17.2075906236064
-0.591366666666667	17.2149709578944
-0.584533333333333	17.2242169914693
-0.577533333333333	17.2337867425681
-0.570466666666667	17.2462217733951
-0.5633	17.2599262387453
-0.556066666666667	17.2726893303789
-0.548766666666667	17.2844283856739
-0.541466666666667	17.295099622746
-0.5341	17.3040197574455
-0.526733333333333	17.3120345727061
-0.519366666666667	17.3190070116284
-0.511966666666667	17.3250463017234
-0.504533333333333	17.3301248411276
-0.4971	17.3343105386393
-0.489666666666667	17.3374046178901
-0.482233333333333	17.3396620410067
-0.474766666666667	17.3412147212707
-0.4673	17.3423355551668
-0.459833333333333	17.3427859399881
-0.452333333333333	17.3426467237164
-0.444866666666667	17.3422702040671
-0.437366666666667	17.3417009143186
-0.429866666666667	17.3407499711061
-0.422333333333333	17.339618830144
-0.414833333333333	17.338335095515
-0.4073	17.3369565083117
-0.399766666666667	17.3353672609951
-0.392233333333333	17.3337634153895
-0.384666666666667	17.3320831732599
-0.377133333333333	17.3304189559285
-0.369566666666667	17.3287876821933
-0.362033333333333	17.3271093869585
-0.354466666666667	17.3254805546107
-0.3469	17.3238298246306
-0.339333333333333	17.322310292675
-0.331766666666667	17.3208639461377
-0.3242	17.3194958647487
-0.316633333333333	17.3182128276635
-0.309066666666667	17.3170245189526
-0.3015	17.3159380081252
-0.293933333333333	17.3149562895055
-0.286333333333333	17.3140581002826
-0.278766666666667	17.3133116551471
-0.2712	17.3127195307393
-0.263633333333333	17.3121535549881
-0.256066666666667	17.3116845239274
-0.248466666666667	17.3112986772899
-0.2409	17.3110573228855
-0.233333333333333	17.310964883879
-0.225766666666667	17.3108870759943
-0.2182	17.3108911801269
-0.210633333333333	17.3109832753175
-0.203066666666667	17.3111620698764
-0.1955	17.3114191847203
-0.187933333333333	17.3117491697844
-0.1804	17.3121658938762
-0.172833333333333	17.312632959347
-0.165266666666667	17.3130809175436
-0.1577	17.3136573386528
-0.150166666666667	17.3143080737832
-0.1426	17.3149903305739
-0.135066666666667	17.3156464494464
-0.1275	17.31640269429
-0.119966666666667	17.317159007463
-0.112433333333333	17.3180523726728
-0.104866666666667	17.3189017101017
-0.0973333333333334	17.319793254876
-0.0898	17.3207990947776
-0.0822666666666667	17.3217558894412
-0.0747	17.3227070365583
-0.0671666666666667	17.3236813657222
-0.0596333333333334	17.3247522683582
-0.0521	17.3257550254352
-0.0445666666666667	17.3267556787087
-0.0370333333333334	17.327760759571
-0.0295000000000001	17.3287727423453
-0.0219666666666666	17.3297876277611
-0.0144666666666667	17.330818506528
-0.00693333333333328	17.3318604644373
0.000600000000000023	17.3327939395981
0.00813333333333333	17.3337974527894
0.0156333333333334	17.3348198486224
0.0231666666666667	17.3358470448002
0.0307	17.3367562033736
0.0382	17.3377471828962
0.0457333333333333	17.3387505760807
0.0532666666666666	17.3396375453804
0.0607666666666667	17.3406033496258
0.0683	17.3415792182191
0.0758	17.3424570452999
0.0833333333333333	17.3435109899251
0.0908333333333334	17.3442525389801
0.0983666666666667	17.3452849860064
0.105866666666667	17.3460237974291
0.1134	17.3470809286946
0.1209	17.347864584689
0.128433333333333	17.3489447583979
0.135933333333333	17.3497395676472
0.143466666666667	17.3508178972393
0.150966666666667	17.3516081553366
0.158466666666667	17.3526947924879
0.166	17.3535851856432
0.1735	17.3544434927412
0.181	17.3554006740674
0.188533333333333	17.3562738022847
0.196033333333333	17.3571309543777
0.203533333333333	17.3580813992985
0.211066666666667	17.3589430122406
0.218566666666667	17.3597831419875
0.226066666666667	17.3607149101244
0.2336	17.3615557008752
0.2411	17.36237536319
0.2486	17.3632873462216
0.2561	17.3641280013348
0.263633333333333	17.3649382485314
0.271133333333333	17.3657366797897
0.278633333333333	17.3666301380636
0.286133333333333	17.3674519790143
0.293633333333333	17.3682619081319
0.301166666666667	17.3690485357379
0.308666666666667	17.3698266456558
0.316166666666667	17.3706998431958
0.323666666666667	17.3714992753535
0.331166666666667	17.3722866811363
0.3387	17.3730525067681
0.3462	17.3738103920991
0.3537	17.3746631458298
0.3612	17.375444277126
0.3687	17.376214418478
0.3762	17.3769833715228
0.3837	17.3777548901985
0.3912	17.3785257998761
0.398733333333333	17.3792759586554
0.406233333333333	17.3800141926567
0.413733333333333	17.3808466864125
0.421233333333333	17.381606614395
0.428733333333333	17.3823538861357
0.436233333333333	17.3831000861205
0.443733333333333	17.3838494385709
0.451233333333333	17.3846000247472
0.458733333333333	17.3853500814171
0.466233333333333	17.3860986254253
0.473733333333333	17.3868450985383
0.481233333333333	17.3875891705929
0.488733333333333	17.3883294783677
0.496233333333333	17.3890672369671
0.503733333333333	17.3898025823323
0.511233333333333	17.3905354139702
0.518733333333333	17.3912656627836
0.526233333333333	17.3919933029897
0.533733333333333	17.392718334615
0.541233333333333	17.3934407724969
0.548733333333333	17.3941606458816
0.556233333333333	17.3948779842513
0.563733333333333	17.3955928231189
0.571233333333333	17.3963051929768
0.578733333333333	17.39702652182
0.586233333333333	17.3977812371941
0.593733333333333	17.3985510387638
0.601233333333333	17.3993292908895
0.608733333333333	17.400112864193
0.616233333333333	17.4008998148938
0.623733333333333	17.4016888013371
0.631233333333333	17.4024788554184
0.638733333333333	17.4032692737887
0.646233333333333	17.4040595353827
0.653733333333333	17.4048492512425
0.661233333333333	17.40563813071
0.668733333333333	17.4064259590268
0.6762	17.4072325636644
0.6837	17.4080698017588
0.6912	17.4087845682434
0.6987	17.4095651303014
0.7062	17.4103534989285
0.7137	17.4111395246086
0.7212	17.4119220458633
0.7287	17.412701347369
0.736166666666667	17.4134978516308
0.743666666666667	17.4143238456363
0.751166666666667	17.4150263324755
0.758666666666667	17.4157939363449
0.766166666666667	17.4165700024769
0.773666666666667	17.4173431911172
0.781166666666667	17.4181122488294
0.788633333333333	17.4188976899891
0.796133333333333	17.4197119875853
0.803633333333333	17.4204022089257
0.811133333333333	17.4211572039567
0.818633333333333	17.4219192791488
0.826133333333333	17.4226796368471
0.8336	17.4234560664622
0.8411	17.424260690299
0.8486	17.4249406503513
0.8561	17.4256850304332
0.8636	17.4264362525005
0.8711	17.4271844510354
0.878566666666667	17.4279499855838
0.886066666666667	17.4287438660626
0.893566666666667	17.4294129259915
0.901066666666667	17.4301463244196
0.908566666666667	17.4308865438134
0.916033333333333	17.4316439317831
0.923533333333333	17.4324305747273
0.931033333333333	17.4330920489906
0.938533333333333	17.4338174127838
0.946033333333333	17.4345492837074
0.9535	17.4352981528136
0.961	17.4360749963871
0.9685	17.4367278451437
0.976	17.4374447223886
0.9835	17.4381680081237
0.991	17.4388879793505
0.998466666666667	17.4396241019494
1.00596666666667	17.4403898451737
1.01346666666667	17.441030766794
1.02096666666667	17.4417359593276
1.02846666666667	17.4424479525437
1.03593333333333	17.4431772675093
1.04343333333333	17.4439359166386
1.05093333333333	17.4445692760196
1.05843333333333	17.4452665707577
1.06593333333333	17.4459704327442
1.0734	17.4466914864943
1.0809	17.4474405848855
1.0884	17.4480655468692
1.0959	17.4487545498582
1.10336666666667	17.449470360124
1.11086666666667	17.450215007188
1.11836666666667	17.4508337349489
1.12586666666667	17.4515171844528
1.13336666666667	17.4522067776447
1.14083333333333	17.4529130731376
1.14833333333333	17.453647011258
1.15583333333333	17.4542552463286
1.16333333333333	17.4549285662965
1.17083333333333	17.4556083070383
1.1783	17.4563049773656
1.1858	17.4570293958568
1.1933	17.4576292814313
1.2008	17.4582929513631
1.2083	17.4589628477497
1.21576666666667	17.4596497790171
1.22326666666667	17.4603644968656
1.23076666666667	17.4609546490865
1.23826666666667	17.4616085772818
1.24573333333333	17.4622892590851
1.25323333333333	17.4629985768656
1.26073333333333	17.4635816022233
1.26823333333333	17.4642291350656
1.27573333333333	17.4648826379193
1.2832	17.4655528421267
1.2907	17.4662505263532
1.2982	17.4668221831134
1.3057	17.4674587617583
1.31316666666667	17.468122261294
1.32066666666667	17.46881424201
1.32816666666667	17.4693797374844
1.33566666666667	17.4700096493775
1.34316666666667	17.4706454910965
1.35063333333333	17.4712980957975
1.35813333333333	17.4719781653885
1.36563333333333	17.4725321344022
1.37313333333333	17.4731510212114
1.3806	17.4737969305993
1.3881	17.474471341046
1.3956	17.475019215849
1.4031	17.4756315238897
1.4106	17.4762497960132
1.41806666666667	17.4768849474394
1.42556666666667	17.4775475942474
1.43306666666667	17.4780840992184
1.44056666666667	17.4786855453449
1.44806666666667	17.4792933630833
1.45553333333333	17.4799184048065
1.46303333333333	17.4805711512863
1.47053333333333	17.4810990319925
1.47803333333333	17.4816906545097
1.4855	17.4823093660439
1.493	17.482956763145
1.5005	17.4834776801085
1.508	17.4840631499505
1.5155	17.4846547087377
1.52296666666667	17.485263369776
1.53046666666667	17.4858996068356
1.53796666666667	17.4864093220826
1.54546666666667	17.4869834992573
1.55293333333333	17.4875823601469
1.56043333333333	17.4882033373769
1.56793333333333	17.4886893295338
1.57543333333333	17.4892277249755
1.58293333333333	17.4897584903542
1.5904	17.4902894371571
1.5979	17.4908249428149
1.6054	17.4912096487606
1.6129	17.4916300210621
1.62036666666667	17.4920481347554
1.62786666666667	17.4924580982888
1.63536666666667	17.492697551806
1.64286666666667	17.492954550436
1.65036666666667	17.4931620543589
1.65783333333333	17.4933310856309
1.66533333333333	17.4934561548948
1.67283333333333	17.4933668953449
1.68033333333333	17.4932465324241
1.68783333333333	17.4930143721012
1.6953	17.4926790127861
1.7028	17.4922116346629
1.7103	17.4914160541093
1.7178	17.4904591837658
1.7253	17.4892279995088
1.73276666666667	17.4877250548975
1.74026666666667	17.4858688729678
1.74776666666667	17.4834172746873
1.75526666666667	17.4805129509623
1.76276666666667	17.4770044703901
1.77026666666667	17.4728495297477
1.77773333333333	17.4680127446472
1.78523333333333	17.4623306850676
1.79273333333333	17.4556505847559
1.80023333333333	17.4480864441725
1.80773333333333	17.4395713824224
1.81523333333333	17.4300589468248
1.82273333333333	17.4195101452406
1.83023333333333	17.4079296915265
1.83773333333333	17.3953156262792
1.84523333333333	17.381694219092
1.85276666666667	17.3669803501057
1.86026666666667	17.3513741153042
1.86776666666667	17.3349132420931
1.8753	17.3173614058142
1.8828	17.2990266570982
1.89033333333333	17.2798119122854
1.89783333333333	17.2598852220817
1.90536666666667	17.2390885545688
1.9129	17.21744487654
1.92043333333333	17.1951293914394
1.92796666666667	17.1721238313139
1.9355	17.1484551055714
1.94306666666667	17.124007261255
1.9506	17.0991058200648
1.95816666666667	17.0735302993644
1.96573333333333	17.0473861618352
1.97326666666667	17.0209372198278
1.98086666666667	16.9943060904711
1.98843333333333	16.9676771221507
1.996	16.940923618291
2.0036	16.9137177013026
2.0112	16.8863085396051
2.0188	16.8586772330054
2.0264	16.8307827439216
2.034	16.8026311022886
2.04163333333333	16.7740793100547
2.04926666666667	16.7452819343621
2.0569	16.7163845772352
2.06453333333333	16.6872563802003
2.07216666666667	16.6578918721339
2.07983333333333	16.6281494041673
2.0875	16.5982566289681
2.09516666666667	16.5682126982556
2.10283333333333	16.5379703841886
2.11053333333333	16.5073782066083
2.11823333333333	16.4766612819244
2.12593333333333	16.4458262961302
2.13363333333333	16.4148237484669
2.14136666666667	16.3835035560178
2.1491	16.352091297158
2.15683333333333	16.3205981692495
2.1646	16.2888149679452
2.17233333333333	16.2571733508421
2.1801	16.2251931364385
2.1879	16.1929994421434
2.1957	16.1609283520588
2.2035	16.1288035059911
2.2113	16.096642410509
2.21913333333333	16.0643240761569
2.22696666666667	16.0321248672453
2.2348	16.0000983163932
2.24266666666667	15.9680945005211
2.25053333333333	15.9364222863819
2.2584	15.9051662423281
2.2663	15.8742409937349
2.2742	15.8439152044002
2.28213333333333	15.8142182266588
2.29006666666667	15.7854652657065
2.298	15.7578115555334
2.30596666666667	15.7312580037092
2.31393333333333	15.706146573988
2.3219	15.6827145418783
2.3299	15.6607846584461
2.33793333333333	15.6407951417377
2.34593333333333	15.6230821285858
2.35396666666667	15.6070080831041
2.36203333333333	15.5930510893336
2.37006666666667	15.5814715604424
2.37813333333333	15.5715313115579
2.3862	15.5637761988537
2.3943	15.5580076273695
2.4024	15.5540406440996
2.4105	15.5518846043942
2.4186	15.5513288713232
2.4267	15.5522417596276
2.4348	15.5544915340583
2.44293333333333	15.5579691727235
2.45103333333333	15.5627081241896
2.45916666666667	15.5678944116157
2.4673	15.5740543885195
2.4754	15.5808860239567
2.48353333333333	15.5880143022555
2.49163333333333	15.596005190454
2.49973333333333	15.6040460082286
2.50786666666667	15.6122364256894
2.51596666666667	15.6206553553284
2.52406666666667	15.628945790133
2.53213333333333	15.6370772555661
2.54023333333333	15.6447769737078
2.54833333333333	15.6524605633326
2.5564	15.6599970909906
2.56446666666667	15.6673873895397
2.57256666666667	15.6743981859622
2.58063333333333	15.681301740965
2.5887	15.68770381884
2.59673333333333	15.6936645304786
2.6048	15.699096889583
2.61283333333333	15.7043972062665
2.6209	15.7096347033062
2.62893333333333	15.714606061319
2.63696666666667	15.7193620368594
2.645	15.7235856283792
2.65303333333333	15.7276433917295
2.66106666666667	15.7315394463603
2.6691	15.7352940016349
2.67713333333333	15.73894808766
2.68513333333333	15.7424761272905
2.69316666666667	15.7456499519217
2.70116666666667	15.7493116992418
2.70916666666667	15.752692700315
2.7172	15.7559931479677
2.7252	15.7595740957463
2.7332	15.7629507160914
2.7412	15.7662968804116
2.74916666666667	15.7697014943592
2.75716666666667	15.7729377812771
2.76516666666667	15.7764975817922
2.77313333333333	15.7802316515308
2.78113333333333	15.7838084711439
2.7891	15.7880163134282
2.79706666666667	15.7920819079563
2.80503333333333	15.7961696867278
2.813	15.8003898377156
2.82096666666667	15.8047540842726
2.82893333333333	15.8091848711365
2.8369	15.8137177269805
2.84483333333333	15.8183422460584
2.85276666666667	15.8231368200427
2.86073333333333	15.8279313691537
2.86866666666667	15.833053113422
2.8766	15.8380848699862
2.88453333333333	15.8431036085567
2.89243333333333	15.8481836998399
2.90036666666667	15.8531237785614
2.90826666666667	15.8582869557977
2.9162	15.863691277043
2.9241	15.869244373579
2.932	15.8746581189089
2.9399	15.879999953936
2.9478	15.8853645180334
2.9557	15.8907515401193
2.96356666666667	15.8961472955984
2.97146666666667	15.9013532371355
2.97933333333333	15.9069853600945
2.9872	15.9124607362596
2.99506666666667	15.9178391052915
3.00293333333333	15.9232142827991
3.0108	15.9285857072737
3.01866666666667	15.9339497058572
3.02653333333333	15.9392956794622
3.03436666666667	15.9446084718752
3.04223333333333	15.9497089555134
3.05006666666667	15.9551774477668
3.0579	15.9604871710458
3.06576666666667	15.9656921702581
3.0736	15.9710659530297
3.08143333333333	15.9762896872917
3.08923333333333	15.9813945013389
3.09706666666667	15.9863098882038
3.1049	15.9913304632873
3.1127	15.9964376463208
3.12053333333333	16.0013626830723
3.12833333333333	16.0063664097497
3.13616666666667	16.0115174931984
3.14396666666667	16.0167142147429
3.15176666666667	16.0217781053379
3.15956666666667	16.0267273752124
3.16736666666667	16.0316660625367
3.17516666666667	16.0366030246546
3.18296666666667	16.0415394681045
3.19076666666667	16.046467324114
3.19856666666667	16.0513813025241
3.20633333333333	16.0562775411863
3.21413333333333	16.0610068213832
3.2219	16.0658144214854
3.2297	16.0707895952337
3.23746666666667	16.0758186624012
3.24523333333333	16.0807526029498
3.253	16.0855876535747
3.2608	16.0904251014103
3.26856666666667	16.0954201018812
3.27633333333333	16.1003255037194
3.2841	16.1051253747037
3.29183333333333	16.1099123872282
3.2996	16.1145675706821
3.30736666666667	16.1193013016386
3.3151	16.1241345110257
3.32286666666667	16.1288326068843
3.33063333333333	16.1335872921973
3.33836666666667	16.1384184230783
3.3461	16.1433079340359
3.35386666666667	16.1480872966972
3.3616	16.1529949143978
3.36933333333333	16.1578386481415
3.37706666666667	16.1625875506838
3.3848	16.1673318839275
3.39253333333333	16.1720774992182
3.40026666666667	16.1768248828921
3.408	16.1815689643499
3.41573333333333	16.1863032975634
3.42346666666667	16.1910248822005
3.43116666666667	16.1957327160981
3.4389	16.2003131583879
3.44663333333333	16.2049307600255
3.45433333333333	16.2096346995854
3.46206666666667	16.2142166381382
3.46976666666667	16.2190124178064
3.47746666666667	16.2237502082116
3.4852	16.228393020383
3.4929	16.2331484201973
3.5006	16.2378566429079
3.5083	16.242465439067
3.516	16.2470630728294
3.5237	16.2516589243137
3.5314	16.2562530673845
3.5391	16.2608393422038
3.5468	16.2654142546626
3.5545	16.269974057313
3.5622	16.2745186231118
3.56986666666667	16.2790478705106
3.57756666666667	16.2834651994972
3.58526666666667	16.2878951911889
3.59293333333333	16.2924094189007
3.60063333333333	16.2968198984995
3.6083	16.3012355718743
3.616	16.3057900275171
3.62366666666667	16.3103438762196
3.63133333333333	16.3148663132424
3.63903333333333	16.3192892703369
3.6467	16.3238001432692
3.65436666666667	16.3282843664056
3.66203333333333	16.3326701672654
3.6697	16.3370426725655
3.67736666666667	16.3414102656611
3.68503333333333	16.3457760083056
3.6927	16.3501332982578
3.70036666666667	16.3544786715806
3.70803333333333	16.3588086806071
3.7157	16.3631232931471
3.72336666666667	16.3674222257055
3.731	16.3717058716729
3.73866666666667	16.3758987717206
3.74633333333333	16.380080873294
3.75396666666667	16.384346703167
3.76163333333333	16.3885296062831
3.7693	16.3926947812815
3.77693333333333	16.3969324571481
3.78456666666667	16.4011045341281
3.79223333333333	16.4052877148501
3.79986666666667	16.4095428961205
3.80753333333333	16.4138002630016
3.81516666666667	16.4180400874957
3.8228	16.4222673186541
3.83046666666667	16.4263911430703
3.8381	16.4305796047533
3.84573333333333	16.4348803692233
3.85336666666667	16.4388389083424
3.861	16.4430176456895
3.86863333333333	16.4470856618213
3.87626666666667	16.45114169617
3.8839	16.455198710165
3.89153333333333	16.4592524479585
3.89916666666667	16.4632977465722
3.9068	16.4673314773618
3.91443333333333	16.4713511552527
3.92203333333333	16.4753574944434
3.92966666666667	16.4792841271424
3.9373	16.483193538716
3.94493333333333	16.4871707246193
3.95253333333333	16.4911415324523
3.96016666666667	16.4950274871348
3.9678	16.4988853143427
3.9754	16.502808406733
3.98303333333333	16.5066559950665
3.99063333333333	16.5104824805762
3.99826666666667	16.5143045780637
4.00586666666667	16.5181127720543
4.0135	16.5220290191173
4.0211	16.5259294701814
4.02873333333333	16.5298244081146
4.03633333333333	16.5336979378112
4.04393333333333	16.5375693913747
4.05156666666667	16.5413510963153
4.05916666666667	16.5451873909901
4.06676666666667	16.5490275441584
4.0744	16.5527777676248
4.082	16.5565777456441
4.0896	16.5603765480196
4.0972	16.5640893511118
4.1048	16.5677881639035
4.1124	16.5714825817631
4.12	16.5751740708324
4.1276	16.578859405653
4.1352	16.5825350435844
4.1428	16.586197590791
4.1504	16.5898471749456
4.158	16.593483442985
4.1656	16.5971048651568
4.1732	16.6007126732452
4.1808	16.6043071833151
4.1884	16.6078884795788
4.19596666666667	16.6114625725936
4.20356666666667	16.6149822978459
4.21116666666667	16.6184617540271
4.21876666666667	16.6220098940635
4.22633333333333	16.625558585064
4.23393333333333	16.6290491935601
4.24153333333333	16.6324901140406
4.2491	16.6359996730503
4.2567	16.6394599564869
4.2643	16.6428731778124
4.27186666666667	16.6463513592316
4.27946666666667	16.649777494642
4.28703333333333	16.6531622004991
4.29463333333333	16.6565644545194
4.3022	16.6599319994643
4.3098	16.6633990244991
4.31736666666667	16.6668392545803
4.32493333333333	16.6703093944939
4.33253333333333	16.6736945535108
4.3401	16.6771154063981
4.3477	16.680558736085
4.35526666666667	16.6839600258149
4.36283333333333	16.6873789778938
4.3704	16.6907106348804
4.378	16.6940247054795
4.38556666666667	16.6973745196642
4.39313333333333	16.7007532802554
4.4007	16.7040436152602
4.4083	16.7073091412913
4.41586666666667	16.7106066052893
4.42343333333333	16.7139298397965
4.431	16.7171648800431
4.43856666666667	16.7203811999898
4.44613333333333	16.7235901865793
4.4537	16.7267956910669
4.46126666666667	16.729994254641
4.46883333333333	16.7331816739211
4.4764	16.7363576225907
4.48396666666667	16.7395214699973
4.49153333333333	16.7426727067586
4.4991	16.7458099119599
4.50666666666667	16.7489343713278
4.51423333333333	16.7520464011159
4.5218	16.7551460746431
4.52936666666667	16.7582335191191
4.53693333333333	16.7613089135443
4.54446666666667	16.7643810503391
4.55203333333333	16.7674224735069
4.5596	16.7703975556205
4.56716666666667	16.7734390479568
4.57473333333333	16.7764771082757
4.58226666666667	16.7795091856374
4.58983333333333	16.7825033704412
4.5974	16.7854256824571
4.60496666666667	16.7884117187218
4.6125	16.7914021114179
4.62006666666667	16.7943590693767
4.62763333333333	16.7972411539336
4.63516666666667	16.8001948905394
4.64273333333333	16.8031247801755
4.6503	16.8059828630785
4.65783333333333	16.8089082827337
4.6654	16.8118075400939
4.67293333333333	16.8146441417771
4.6805	16.817520399255
4.68803333333333	16.820340819299
4.6956	16.8232038895635
4.70316666666667	16.8259995905332
4.7107	16.8288623555704
4.71826666666667	16.8316941227108
4.7258	16.8344592012395
4.73336666666667	16.8373095058782
4.7409	16.8401220566443
4.74843333333333	16.843000604792
4.756	16.8457995994413
4.76353333333333	16.8486141852895
4.7711	16.8514778900349
4.77863333333333	16.8542832522735
4.7862	16.8571236602643
4.79373333333333	16.8598981676992
4.80126666666667	16.8627207740578
4.80883333333333	16.8654519532174
4.81636666666667	16.8681908538629
4.8239	16.8709849374495
4.83143333333333	16.8737008264766
4.839	16.8763929256093
4.84653333333333	16.8790951833803
4.85406666666667	16.8818535417558
4.8616	16.8845274849236
4.86916666666667	16.8871736968167
4.8767	16.8898282479913
4.88423333333333	16.8925386159867
4.89176666666667	16.8951658353194
4.8993	16.8977749605069
4.90686666666667	16.9003663503941
4.9144	16.9029703124511
4.92193333333333	16.9056266712887
4.92946666666667	16.9081937490896
4.937	16.9107395440997
4.94453333333333	16.9132705065181
4.95206666666667	16.9157835163387
4.9596	16.9182711431126
4.96713333333333	16.9207252518486
4.9747	16.9231299127841
4.98223333333333	16.9255053497923
4.98976666666667	16.9278826191221
4.9973	16.9301193906281
5.00483333333333	16.9322724952849
5.01236666666667	16.9343488762993
5.0199	16.936335970478
5.02743333333333	16.9381995158783
5.03496666666667	16.9399238561641
5.0425	16.9414673368246
5.05003333333333	16.9428131219324
5.05756666666667	16.9439027941926
5.0651	16.9446307372773
5.07263333333333	16.9449514092535
5.08013333333333	16.9447759492778
5.08766666666667	16.9440168523934
5.0952	16.9424755131054
5.10273333333333	16.940130122166
5.11026666666667	16.9368427874006
5.1178	16.932484227832
5.12533333333333	16.9270148202613
5.13286666666667	16.9203702056611
5.1404	16.9124931275387
5.14793333333333	16.9033861675766
5.15546666666667	16.8930522173946
5.163	16.8815286756981
5.17056666666667	16.8687578120462
5.1781	16.8549777235303
5.18563333333333	16.8401881744398
5.19316666666667	16.8243235460718
5.20073333333333	16.80739535473
5.20826666666667	16.7897121325591
5.21583333333333	16.7711384788486
5.2234	16.7517052492412
5.23096666666667	16.73158083099
5.23853333333333	16.7107605845067
5.2461	16.6892925745219
5.25366666666667	16.6672237448402
5.26126666666667	16.6444623467237
5.26883333333333	16.6213613049231
5.27643333333333	16.5976672031888
5.28403333333333	16.5734663009794
5.29163333333333	16.548884210591
5.29923333333333	16.5238960991551
5.30686666666667	16.498381292804
5.3145	16.4725474073102
5.32213333333333	16.4464177069431
5.32976666666667	16.4199553003809
5.33743333333333	16.3930293082531
5.34506666666667	16.3660339940602
5.35273333333333	16.3385874630617
5.3604	16.3108772844862
5.3681	16.2827581819515
5.3758	16.2545936826768
5.3835	16.2262159692491
5.3912	16.1975911383847
5.39893333333333	16.1685823465727
5.40666666666667	16.1394064078872
5.4144	16.110097791689
5.42213333333333	16.0806046535622
5.4299	16.0507157111433
5.43766666666667	16.0207664324698
5.44546666666667	15.9905750773564
5.45326666666667	15.9603627056226
5.46106666666667	15.9299653682306
5.46886666666667	15.8994167608375
5.4767	15.8685805572545
5.48453333333333	15.8376759664279
5.4924	15.8065942975786
5.50026666666667	15.7754692542471
5.50813333333333	15.7443494632835
5.51603333333333	15.7130280637102
5.52393333333333	15.6817458653318
5.53186666666667	15.6504649600747
5.5398	15.6193562111448
5.54773333333333	15.5885680030951
5.5557	15.558076180263
5.56366666666667	15.5281532649269
5.57166666666667	15.4989900721207
5.57966666666667	15.4708200403688
5.58766666666667	15.4439468755704
5.59573333333333	15.4181979351256
5.60376666666667	15.3947127770962
5.61183333333333	15.3728306211469
5.6199	15.3532815607941
5.628	15.3360330662194
5.63613333333333	15.3211071437072
5.64423333333333	15.3089852215521
5.65236666666667	15.2988088099501
5.66053333333333	15.2912027039174
5.6687	15.2862192227544
5.67686666666667	15.2831663332217
5.68503333333333	15.2821716264725
5.69323333333333	15.2830869401123
5.70143333333333	15.2856716813853
5.70963333333333	15.2899202321641
5.71783333333333	15.2955602630741
5.72603333333333	15.3023999953407
5.73423333333333	15.3102615197254
5.74243333333333	15.3189762655206
5.75063333333333	15.3283995560232
5.75883333333333	15.3383688962986
5.76703333333333	15.3487398613656
5.77523333333333	15.359241479192
5.78343333333333	15.3698301447175
5.79163333333333	15.3804063714297
5.7998	15.3908184735974
5.80796666666667	15.4011500464976
5.81613333333333	15.4110836399755
5.8243	15.4206838236182
5.83246666666667	15.429917762041
5.84063333333333	15.4387450856707
5.84876666666667	15.4470943655197
5.8569	15.4550956696239
5.86503333333333	15.462511619161
5.87316666666667	15.4694743902105
5.8813	15.4760114661376
5.88943333333333	15.4821375068759
5.89753333333333	15.4878439034801
5.90566666666667	15.4929265441128
5.91376666666667	15.4982281456369
5.92186666666667	15.5029871784459
5.92996666666667	15.5073699191921
5.93806666666667	15.5115228186241
5.94616666666667	15.51549054512
5.95426666666667	15.519307361013
5.96236666666667	15.5228936777821
5.97043333333333	15.526435223685
5.97853333333333	15.529771992537
5.9866	15.5331343426296
5.99466666666667	15.5367788727294
6.00276666666667	15.540318914102
6.01083333333333	15.544214718424
6.0189	15.5478976337399
6.02696666666667	15.5515845088426
6.03503333333333	15.5553800597645
6.0431	15.5593062420662
6.05113333333333	15.5633691393559
6.0592	15.5672973177602
6.06723333333333	15.5716399688008
6.07526666666667	15.5762862259421
6.08333333333333	15.5810076330331
6.09136666666667	15.5861657948994
6.0994	15.5912759498701
6.1074	15.5963656238559
6.11543333333333	15.6013380279596
6.12346666666667	15.6066891124419
6.13146666666667	15.6122724045949
6.13946666666667	15.6180685866607
6.14746666666667	15.6238578023249
6.15546666666667	15.6297411160213
6.16346666666667	15.6357228177872
6.17146666666667	15.6417892658997
6.17943333333333	15.6479067528235
6.18743333333333	15.6541737828152
6.1954	15.6606177412627
6.20336666666667	15.6668886127254
6.21133333333333	15.6730996400124
6.21926666666667	15.6793277848624
6.22723333333333	15.6853483937625
6.2352	15.6915834892857
6.24313333333333	15.6982331615113
6.25106666666667	15.7045623779154
6.259	15.7107648207934
6.26693333333333	15.7169455526373
6.27486666666667	15.723115166048
6.28276666666667	15.7292547774814
6.2907	15.7351498562512
6.2986	15.7411688033371
6.30653333333333	15.7473449674358
6.31443333333333	15.7535881410131
6.32233333333333	15.7596089449285
6.33023333333333	15.7654852225824
6.33813333333333	15.7713235446317
6.346	15.777123873761
6.3539	15.7826943458117
6.3618	15.7883908516692
6.36966666666667	15.7941428996846
6.37753333333333	15.7999421241307
6.3854	15.8055916899293
6.3933	15.8112142084897
6.40116666666667	15.8170220306101
6.40903333333333	15.8226542772541
6.41686666666667	15.82815374656
6.42473333333333	15.8334391486096
6.4326	15.838845920423
6.44043333333333	15.8443454735207
6.4483	15.8496480106423
6.45613333333333	15.8553275833688
6.46396666666667	15.8608482657064
6.47183333333333	15.8662623622095
6.47966666666667	15.8718578308376
6.4875	15.8773176677182
6.49533333333333	15.8826713811359
6.50316666666667	15.8880188481849
6.511	15.8933706821567
6.5188	15.8987224531356
6.52663333333333	15.903903955219
6.53446666666667	15.9091986122253
6.54226666666667	15.9145872444756
6.55006666666667	15.9200538418736
6.5579	15.9254113989982
6.5657	15.9309348451234
6.5735	15.9363540930544
6.5813	15.9416762643891
6.5891	15.9469962138464
6.5969	15.9523210612651
6.6047	15.9576514517303
6.6125	15.962981586134
6.6203	15.9683043737518
6.62806666666667	15.9736118167884
6.63586666666667	15.9787570096814
6.64366666666667	15.9839871200397
6.65143333333333	15.9893060959621
6.6592	15.9946976244146
6.667	15.999979476132
6.67476666666667	16.0054080280338
6.68253333333333	16.0107505991264
6.6903	16.0159932405372
6.69806666666667	16.0212287698646
6.70583333333333	16.0264642714878
6.7136	16.0317003102332
6.72136666666667	16.0369311828108
6.72913333333333	16.0421498838077
6.73686666666667	16.0473494405442
6.74463333333333	16.0524002334109
6.7524	16.0575089457293
6.76013333333333	16.0627013077678
6.7679	16.0677489305631
6.77563333333333	16.0730536890924
6.78336666666667	16.0782715768241
6.79113333333333	16.0833881174426
6.79886666666667	16.0886327351514
6.8066	16.0938052763518
6.81433333333333	16.0988719569996
6.82206666666667	16.1039254240382
6.8298	16.1089754697305
6.83753333333333	16.1140223289908
6.84526666666667	16.1190596322749
6.85296666666667	16.1240813368181
6.8607	16.1289715106041
6.86843333333333	16.1338957941812
6.87613333333333	16.1389034479494
6.88386666666667	16.143783202117
6.89156666666667	16.1486844906735
6.8993	16.1537337151954
6.907	16.1587910286089
6.91473333333333	16.16379064893
6.92243333333333	16.1687983435049
6.93013333333333	16.1737470021967
6.93783333333333	16.1785911833481
6.94553333333333	16.1834294195746
6.95323333333333	16.1882678593456
6.96096666666667	16.1931068568911
6.96863333333333	16.198030072831
6.97633333333333	16.2028226623188
6.98403333333333	16.2075233010605
6.99173333333333	16.2123012917964
6.99943333333333	16.2170765443611
7.00713333333333	16.2218385201504
7.0148	16.2265790015977
7.0225	16.2312043546026
7.03016666666667	16.2358383243368
7.03786666666667	16.2404616301324
7.04556666666667	16.2451021472593
7.05323333333333	16.249982527353
7.0609	16.2547353647756
7.0686	16.2593779565404
7.07626666666667	16.2641067761283
7.08393333333333	16.2688143454939
7.09163333333333	16.273424453635
7.0993	16.2781174761562
7.10696666666667	16.282781258974
7.11463333333333	16.287341570589
7.1223	16.2918882016588
7.12996666666667	16.2964294731355
7.13763333333333	16.3009673698498
7.1453	16.3054981213259
7.15296666666667	16.310134292954
7.16063333333333	16.314622943893
7.16826666666667	16.3190870277481
7.17593333333333	16.3234628012642
7.1836	16.3278583770202
7.19126666666667	16.3323345203171
7.1989	16.3368058828141
7.20656666666667	16.3411719340838
7.2142	16.3455357119169
7.22186666666667	16.3498784520802
7.2295	16.3542303275481
7.23716666666667	16.3585595228114
7.2448	16.363028378516
7.25246666666667	16.3674632448769
7.2601	16.3718916078706
7.26773333333333	16.376286490492
7.2754	16.3805874700197
7.28303333333333	16.3849625154644
7.29066666666667	16.3893130088381
7.2983	16.3935730381122
7.30596666666667	16.3978172247625
7.3136	16.4021377880476
7.32123333333333	16.4064327879478
7.32886666666667	16.4106311891064
7.3365	16.4148119266642
7.34413333333333	16.4189844642196
7.35176666666667	16.4231536650495
7.3594	16.4273156292634
7.36703333333333	16.4314654504014
7.37463333333333	16.435605319969
7.38226666666667	16.4396676638407
7.3899	16.4437157433636
7.39753333333333	16.447832897461
7.40513333333333	16.4519447676334
7.41276666666667	16.4559730990022
7.4204	16.4599758785798
7.428	16.4640449155499
7.43563333333333	16.4680391116262
7.44326666666667	16.4720102493502
7.45086666666667	16.476043674536
7.4585	16.4799994143
7.4661	16.4839348225069
7.47373333333333	16.4878661209
7.48133333333333	16.4918943482035
7.48896666666667	16.4959232687575
7.49656666666667	16.4999357532492
7.50416666666667	16.5039461013716
7.5118	16.5078677803476
7.5194	16.5118460997719
7.527	16.5158262043456
7.5346	16.5197202935055
7.54223333333333	16.5235975204569
7.54983333333333	16.5275304206157
7.55743333333333	16.5314637144475
7.56503333333333	16.5353037839409
7.57263333333333	16.5391258423274
7.58023333333333	16.5429389269893
7.58783333333333	16.5467477183411
7.59543333333333	16.5505484739392
7.60303333333333	16.5543364632845
7.61063333333333	16.5581110558655
7.61823333333333	16.5618714758048
7.62583333333333	16.5656171594528
7.63343333333333	16.5693466770376
7.64103333333333	16.5730613517467
7.64863333333333	16.5767615776526
7.65623333333333	16.5804474925048
7.6638	16.5841246573191
7.6714	16.5877460869137
7.679	16.5913270015599
7.6866	16.5949759214327
7.69416666666667	16.598623989551
7.70176666666667	16.6022126566954
7.70936666666667	16.605751408621
7.71693333333333	16.6093576887952
7.72453333333333	16.6129134619314
7.7321	16.6164276992263
7.7397	16.6199590524848
7.7473	16.6234500651785
7.75486666666667	16.6270082626402
7.76246666666667	16.6305089762732
7.77003333333333	16.6339626138924
7.77763333333333	16.6375114862635
7.7852	16.6410358707112
7.79276666666667	16.6445915220615
7.80036666666667	16.6480633526494
7.80793333333333	16.6515716939421
7.81553333333333	16.6551023062402
7.8231	16.6585921606811
7.83066666666667	16.6620974326538
7.83826666666667	16.6655079486841
7.84583333333333	16.6689482728639
7.8534	16.6724144058426
7.86096666666667	16.6757976663298
7.86856666666667	16.679159044495
7.87613333333333	16.6825546364885
7.8837	16.6859775132048
7.89126666666667	16.6893110787805
7.89883333333333	16.6926269359838
7.9064	16.6959340815492
7.91396666666667	16.699237324749
7.92153333333333	16.7025333908887
7.92913333333333	16.7058107287771
7.9367	16.7091155610669
7.94426666666667	16.7124392308488
7.95183333333333	16.7156694928858
7.9594	16.7188784751916
7.96696666666667	16.7220793108881
7.9745	16.7252848735934
7.98206666666667	16.7284645821064
7.98963333333333	16.7315818807565
7.9972	16.7347669851156
8.00476666666667	16.7379486747245
8.01233333333333	16.7411139552783
8.0199	16.7442531385477
8.02746666666667	16.7473682579271
8.03503333333333	16.7504576944543
8.04256666666667	16.7535294264512
8.05013333333333	16.7565515015008
8.0577	16.7594824113894
8.06526666666667	16.7624531549368
8.0728	16.7653955528499
8.08036666666667	16.7682668613584
8.08793333333333	16.7710203055226
8.0955	16.7737792362145
8.10303333333333	16.7764824797232
8.1106	16.7790755817468
8.11816666666667	16.781515800632
8.1257	16.7839332982931
8.13326666666667	16.7861952786834
8.14083333333333	16.7882436389978
8.14836666666667	16.7901819000226
8.15593333333333	16.7918886709986
8.16346666666667	16.7932889829626
8.17103333333333	16.7943712532297
8.1786	16.7949999972047
8.18613333333333	16.7952216974531
8.1937	16.7948654891843
8.20123333333333	16.7938230592313
8.2088	16.7919958688435
8.21633333333333	16.789286946278
8.2239	16.7856142570085
8.23146666666667	16.7807866842463
8.239	16.7749484729757
8.24656666666667	16.7678498203841
8.2541	16.7595835336297
8.26166666666667	16.7501114058523
8.26923333333333	16.7394078679063
8.2768	16.7276233209968
8.28433333333333	16.7148157651272
8.2919	16.7008269767407
8.29946666666667	16.6857686389453
8.30703333333333	16.6698131554908
8.3146	16.6529523465615
8.3222	16.635113536594
8.32976666666667	16.6166185104976
8.33733333333333	16.5973894082877
8.34493333333333	16.577256065425
8.35253333333333	16.5564805163667
8.36013333333333	16.53512739488
8.36773333333333	16.5131792140601
8.37533333333333	16.4906727812563
8.38293333333333	16.4676486844337
8.39056666666667	16.4440096213953
8.3982	16.419961265146
8.40583333333333	16.3955387895526
8.41346666666667	16.3707043667523
8.4211	16.3454848486317
8.42876666666667	16.3197640199069
8.43643333333333	16.2937511797954
8.4441	16.2674745274121
8.45176666666667	16.2408897745181
8.45946666666667	16.2138647639003
8.46716666666667	16.186531876861
8.47486666666667	16.1590911539342
8.48256666666667	16.1314011969539
8.4903	16.1033084937103
8.49803333333333	16.0750174526879
8.5058	16.0464132679867
8.51353333333333	16.0178527158546
8.5213	15.9888122350212
8.52906666666667	15.9596065493547
8.53686666666667	15.9301327426319
8.54466666666667	15.9005220011127
8.55246666666667	15.8708049893489
8.5603	15.8407596629463
8.56813333333333	15.8105843590351
8.57596666666667	15.7803198501451
8.58383333333333	15.7497520594993
8.5917	15.7190780502879
8.5996	15.6881819422842
8.6075	15.6571865779979
8.6154	15.6261312405836
8.62333333333333	15.5948017243027
8.63126666666667	15.5634010570202
8.6392	15.5319898899079
8.64716666666667	15.5002309006559
8.65516666666667	15.4684279669482
8.66316666666667	15.4368987363209
8.67116666666667	15.40528071382
8.6792	15.3735752513749
8.68723333333333	15.34206578967
8.6953	15.3107118924827
8.7034	15.2796004279812
8.71146666666667	15.2494706342095
8.7196	15.2193976994763
8.72773333333333	15.1906344192435
8.73586666666667	15.1630120545196
8.74403333333333	15.1366950778684
8.75223333333333	15.1119583029708
8.76043333333333	15.0895654469323
8.76863333333333	15.0691219191103
8.77686666666667	15.0506826248729
8.78513333333333	15.0349524870089
8.7934	15.0218238822977
8.80166666666667	15.0113606758837
8.80996666666667	15.0031068867779
8.8183	14.9976338864444
8.8266	14.9949182742075
8.83493333333333	14.9939142312501
8.8433	14.9953086779533
8.85163333333333	14.9990110918907
8.86	15.0039180694594
8.86836666666667	15.01069298829
8.87673333333333	15.0189563646086
8.8851	15.0285107799177
8.89346666666667	15.0389635502443
8.90183333333333	15.0502038988561
8.9102	15.0620658498424
8.91856666666667	15.0743734008333
8.9269	15.0868898141871
8.93526666666667	15.0992927351272
8.9436	15.1122617114993
8.95193333333333	15.1247979193986
8.96026666666667	15.1369483262483
8.96856666666667	15.1486739882262
8.9769	15.1597221702227
8.9852	15.1709017862454
8.9935	15.1812587981963
9.00176666666667	15.1908827896832
9.01006666666667	15.1996523479302
9.01833333333333	15.2084757970201
9.0266	15.2164384179814
9.03486666666667	15.2237230277569
9.0431	15.2304338256672
9.05136666666667	15.2363555229595
9.0596	15.2424667126488
9.06783333333333	15.2478614226579
9.07606666666667	15.2527567339635
9.0843	15.2573116836038
9.09253333333333	15.2615829992938
9.10076666666667	15.2656173544333
9.10896666666667	15.2694443897299
9.1172	15.2728155717796
9.1254	15.2767573310921
9.1336	15.2803553495146
9.1418	15.2838301980269
9.15	15.2873375044792
9.1582	15.290814079397
9.1664	15.2944457260205
9.1746	15.2982672913372
9.18276666666667	15.3022332363084
9.19096666666667	15.306002907535
9.19913333333333	15.3106682581852
9.20733333333333	15.3151827428574
9.2155	15.320148765707
9.22366666666667	15.3250009910143
9.2318	15.3299793724505
9.23996666666667	15.334869923508
9.24813333333333	15.3403209329517
9.25626666666667	15.3460702738253
9.2644	15.3520992573021
9.27253333333333	15.3582123335609
9.28066666666667	15.3644986703348
9.2888	15.3709608131521
9.2969	15.3775645680903
9.30503333333333	15.383995165223
9.31313333333333	15.3912445043434
9.32123333333333	15.3982716892019
9.32933333333333	15.4053141334193
9.3374	15.4124128134563
9.3455	15.4193434740469
9.35356666666667	15.4269087009334
9.36163333333333	15.4342305882915
9.3697	15.4414736832432
9.37776666666667	15.4487293512593
9.3858	15.4559688698882
9.39386666666667	15.4629250909429
9.4019	15.4704670397241
9.40993333333333	15.4777071616995
9.41796666666667	15.4847963729471
9.42596666666667	15.4918186792602
9.434	15.4985163150268
9.442	15.5054057306525
9.45	15.5124160023324
9.45803333333333	15.5192556669649
9.466	15.5262468109004
9.474	15.5326714986309
9.482	15.5392056318046
9.48996666666667	15.5457272319281
9.49796666666667	15.5519180063579
9.50593333333333	15.5586296110309
9.5139	15.5650307028623
9.52186666666667	15.5712687454957
9.52983333333333	15.5774575984824
9.5378	15.5836076758424
9.54576666666667	15.589721160311
9.5537	15.5957854761868
9.56166666666667	15.6015530650225
9.5696	15.6078374591498
9.57753333333333	15.6138682599944
9.58546666666667	15.6197826450566
9.5934	15.6256870907177
9.60133333333333	15.6315898751827
9.60926666666667	15.6374919887799
9.6172	15.6433864431492
9.6251	15.6492594789152
9.63303333333333	15.6548961826702
9.64093333333333	15.6606957821887
9.64886666666667	15.6666925482291
9.65676666666667	15.6728036495292
9.66466666666667	15.6787343662149
9.67256666666667	15.6845666946297
9.68046666666667	15.6904084137641
9.68836666666667	15.6962674902647
9.69626666666667	15.7021433027153
9.70413333333333	15.7080191731538
9.71203333333333	15.7136933051424
9.7199	15.7195160789729
9.7278	15.7255479329333
9.73566666666667	15.7316783776678
9.74353333333333	15.7376556690515
9.75143333333333	15.7435381989208
9.7593	15.7496310477063
9.76716666666667	15.7555811336442
9.775	15.7614222085676
9.78286666666667	15.7670762834077
9.79073333333333	15.77287625389
9.79856666666667	15.7787896022883
9.80643333333333	15.7845197681399
9.81426666666667	15.7903609418331
9.82213333333333	15.7963824453122
9.82996666666667	15.8024681128868
9.8378	15.8084065868829
9.84563333333333	15.8142292086332
9.85346666666667	15.8200459639629
9.8613	15.8258650691146
9.86913333333333	15.8316861812991
9.87696666666667	15.8374992156928
9.88476666666667	15.8432899393033
9.8926	15.8488937983648
9.9004	15.8545869772629
9.90823333333333	15.8602014675494
9.91603333333333	15.8661694752795
9.92386666666667	15.872008724165
9.93166666666667	15.8778956506217
9.93946666666667	15.8836524959083
9.94726666666667	15.889293499773
9.95506666666667	15.8949260154641
9.96286666666667	15.9005579210207
9.97066666666667	15.9061881905918
9.97843333333333	15.9118042961386
9.98623333333333	15.9172525371855
9.99403333333333	15.9227779999619
10.0018	15.9283856379175
10.0096	15.9338256739657
10.0173666666667	15.9395628565962
10.0251333333333	15.9451842354888
10.0329333333333	15.9506975021554
10.0407	15.9563539752071
10.0484666666667	15.9619139826859
10.0562333333333	15.9673620124008
10.064	15.9727950094766
10.0717666666667	15.9782233408214
10.0795333333333	15.9836475830771
10.0873	15.9890613489688
10.0950333333333	15.9944565800088
10.1028	15.9997003608787
10.1105666666667	16.00499971725
10.1183	16.010383769672
10.1260666666667	16.0156201893383
10.1338	16.0208971910952
10.1415666666667	16.0263325982241
10.1493	16.0317880716043
10.1570333333333	16.037160923102
10.1647666666667	16.0424236619465
10.1725333333333	16.0476815562552
10.1802666666667	16.0530721158784
10.188	16.0583909755737
10.1957333333333	16.0635947766573
10.2034666666667	16.0687794590126
10.2112	16.0739584152375
10.2189	16.0791310078334
10.2266333333333	16.0841815062317
10.2343666666667	16.0892695772413
10.2420666666667	16.0944450812813
10.2498	16.0994963932922
10.2575333333333	16.104572292978
10.2652333333333	16.1097177627439
10.2729333333333	16.1149185328377
10.2806666666667	16.1200039918267
10.2883666666667	16.1251926670984
10.2960666666667	16.1303352016457
10.3038	16.135376762807
10.3115	16.1405204070124
10.3192	16.1456096775296
10.3269	16.1505902706858
10.3346	16.1555565963536
10.3423	16.1605172870113
10.35	16.1654743537529
10.3577	16.1704236958567
10.3654	16.175360755723
10.3730666666667	16.1802801483241
10.3807666666667	16.1852004962857
10.3884666666667	16.1898924845191
10.3961666666667	16.1947870316349
10.4038333333333	16.1996902669562
10.4115333333333	16.2045830619968
10.4192	16.2092362082121
10.4269	16.214090763277
10.4345666666667	16.2190295286146
10.4422666666667	16.2239020523712
10.4499333333333	16.2287951501339
10.4576	16.2336388367671
10.4652666666667	16.2383964712085
10.4729666666667	16.2431499599447
10.4806333333333	16.2480063164585
10.4883	16.2528122799235
10.4959666666667	16.2575187261414
10.5036333333333	16.2622048439721
10.5113	16.2668812662114
10.5189666666667	16.2715505509641
10.5266333333333	16.2762092816611
10.5343	16.2808524550201
10.5419666666667	16.2854792099911
10.5496333333333	16.2900888393096
10.5572666666667	16.2946813798435
10.5649333333333	16.2991701361902
10.5726	16.3036672997914
10.5802333333333	16.3082363519425
10.5879	16.3127101287855
10.5955666666667	16.3171858928708
10.6032	16.3217225174171
10.6108666666667	16.3261569234819
10.6185	16.3305900983573
10.6261666666667	16.3351382121905
10.6338	16.3396877084492
10.6414666666667	16.3442086739797
10.6491	16.3487276950423
10.6567333333333	16.3532165241286
10.6643666666667	16.3576164958613
10.6720333333333	16.3620091580319
10.6796666666667	16.366484525674
10.6873	16.3709353893973
10.6949333333333	16.3752921005221
10.7025666666667	16.3796305244646
10.7102	16.3839616321093
10.7178333333333	16.3882876389707
10.7254666666667	16.3926053024102
10.7331	16.396909747727
10.7407333333333	16.4012000717794
10.7483666666667	16.4054753686764
10.756	16.4097350183283
10.7636333333333	16.4139775896724
10.7712666666667	16.4182044511927
10.7789	16.4224160674385
10.7865	16.4266151854076
10.7941333333333	16.4307356909812
10.8017666666667	16.4348416295406
10.8093666666667	16.4390206079111
10.817	16.4431283063741
10.8246333333333	16.4472154576001
10.8322333333333	16.451365280609
10.8398666666667	16.4554371510103
10.8474666666667	16.4594870515807
10.8551	16.4635321122664
10.8627	16.4676749182863
10.8703333333333	16.471817095809
10.8779333333333	16.4759415079361
10.8855333333333	16.480061752281
10.8931666666667	16.4840922042495
10.9007666666667	16.4881781994977
10.9083666666667	16.4922639786309
10.916	16.4962585533876
10.9236	16.5003016124665
10.9312	16.5043399793203
10.9388	16.508289647842
10.9464	16.5122229852773
10.9540333333333	16.5161457150725
10.9616333333333	16.5201252072488
10.9692333333333	16.5240997573856
10.9768333333333	16.5279780415831
10.9844333333333	16.5318335116112
10.9920333333333	16.5356779739336
10.9996333333333	16.5395137984183
11.0072333333333	16.543335188479
11.0148333333333	16.5471379698215
11.0224	16.5509224045099
11.03	16.5546385982125