0	133.282494983957
0.00416666666666667	133.609227857231
0.00833333333333333	134.24965284416
0.0125	135.023795979965
0.0166666666666667	135.523461075071
0.0208333333333333	134.988272610434
0.025	134.675229416682
0.0291666666666667	135.498771287451
0.0333333333333333	136.450115579246
0.0375	136.324822070569
0.0416666666666667	136.914572213719
0.0458333333333333	135.950339853472
0.05	135.357178148346
0.0541666666666667	132.892114691567
0.0583333333333333	133.672269497715
0.0625	134.266417047872
0.0666666666666667	133.457999378555
0.0708333333333333	132.16208964853
0.075	130.243776807299
0.0791666666666667	129.267389926305
0.0833333333333333	129.552979818057
0.0875	129.246356584319
0.0916666666666667	128.29450045295
0.0958333333333333	128.601477993798
0.1	128.722366377369
0.104166666666667	131.790937964469
0.108333333333333	132.918235571777
0.1125	132.215533816658
0.116666666666667	132.147242868246
0.120833333333333	133.183018253448
0.125	132.851594505013
0.129166666666667	133.5527308516
0.133333333333333	135.356426165199
0.1375	133.995183692338
0.141666666666667	132.473690685179
0.145833333333333	134.391707450762
0.15	134.79631468995
0.154166666666667	134.800342189894
0.158333333333333	135.784544103519
0.1625	134.60237695586
0.166666666666667	133.052077580854
0.170833333333333	132.487552325912
0.175	133.466577888758
0.179166666666667	133.368411751569
0.183333333333333	133.124009803987
0.1875	132.862548548161
0.191666666666667	133.22169042375
0.195833333333333	133.459070785866
0.2	133.33983215653
0.204166666666667	133.416971742316
0.208333333333333	134.636463874462
0.2125	135.120311533389
0.216666666666667	135.267516174855
0.220833333333333	135.336846181991
0.225	134.864870074796
0.229166666666667	135.462911461105
0.233333333333333	134.649746920323
0.2375	132.030134719256
0.241666666666667	133.330353480164
0.245833333333333	134.932878077476
0.25	136.240635432684
0.254166666666667	135.149780938998
0.258333333333333	134.47816078626
0.2625	134.990937739717
0.266666666666667	136.193088694893
0.270833333333333	137.214735594398
0.275	135.947986400609
0.279166666666667	135.980967705827
0.283333333333333	135.995235330445
0.2875	134.75905576667
0.291666666666667	134.805818504847
0.295833333333333	134.037824202459
0.3	132.899982099132
0.304166666666667	133.062964675651
0.308333333333333	133.298379938096
0.3125	131.458799705854
0.316666666666667	131.816645897075
0.320833333333333	133.243766091025
0.325	134.270881815511
0.329166666666667	133.591183012284
0.333333333333333	133.769420628257
0.3375	133.716522825787
0.341666666666667	133.290887093793
0.345833333333333	132.870922845601
0.35	132.923519376558
0.354166666666667	132.327999949411
0.358333333333333	131.697701011946
0.3625	131.105886287496
0.366666666666667	131.513721952008
0.370833333333333	130.091277155516
0.375	130.417905652143
0.379166666666667	130.916925255938
0.383333333333333	130.584258459868
0.3875	130.540968214997
0.391666666666667	132.822018843456
0.395833333333333	133.066421779495
0.4	133.994634020276
0.404166666666667	134.409864332028
0.408333333333333	132.785207398392
0.4125	132.85933067084
0.416666666666667	132.034209310217
0.420833333333333	130.417809202017
0.425	130.088531430359
0.429166666666667	129.853772929767
0.433333333333333	127.942522644235
0.4375	129.779731645487
0.441666666666667	129.643707283892
0.445833333333333	130.926060569767
0.45	132.022208440012
0.454166666666667	131.827092130454
0.458333333333333	132.841604016852
0.4625	132.625465922059
0.466666666666667	131.580679909724
0.470833333333333	131.369348146706
0.475	132.831221755795
0.479166666666667	133.352219080397
0.483333333333333	133.785656262992
0.4875	132.277546003477
0.491666666666667	131.737276207994
0.495833333333333	132.139760047202
0.5	133.534818244219
0.504166666666667	134.250301459582
0.508333333333333	133.541922881355
0.5125	133.795754309086
0.516666666666667	133.253808134893
0.520833333333333	133.884759970884
0.525	132.830808263188
0.529166666666667	133.214480075344
0.533333333333333	132.878199063808
0.5375	132.786939205042
0.541666666666667	134.584034437949
0.545833333333333	135.85693739945
0.55	136.501408690981
0.554166666666667	137.131386010328
0.558333333333333	138.151791990017
0.5625	139.028173250561
0.566666666666667	138.281913677426
0.570833333333333	136.717196139938
0.575	135.512813636963
0.579166666666667	136.003182952467
0.583333333333333	135.687209864244
0.5875	135.7230901131
0.591666666666667	135.435914215826
0.595833333333333	134.954015919165
0.6	134.911010393739
0.604166666666667	135.396698761071
0.608333333333333	135.608879923721
0.6125	136.409171745025
0.616666666666667	137.398910102027
0.620833333333333	137.392707879259
0.625	136.18968418573
0.629166666666667	135.335737358404
0.633333333333333	135.814926534029
0.6375	134.554273812988
0.641666666666667	134.024174631014
0.645833333333333	135.776069825068
0.65	136.88074268083
0.654166666666667	137.414903112647
0.658333333333333	137.652060953641
0.6625	136.886980392842
0.666666666666667	136.451295992682
0.670833333333333	136.546200120697
0.675	137.164256571861
0.679166666666667	137.647607968079
0.683333333333333	137.226177596902
0.6875	136.510191090187
0.691666666666667	137.856054336735
0.695833333333333	138.828260234097
0.7	139.308471622123
0.704166666666667	139.716406094647
0.708333333333333	138.024413233125
0.7125	137.899229704222
0.716666666666667	137.56026795808
0.720833333333333	137.529098249786
0.725	138.460806537551
0.729166666666667	138.398411589434
0.733333333333333	138.658769631492
0.7375	136.754532529252
0.741666666666667	138.075166386712
0.745833333333333	137.954525362982
0.75	137.472332436102
0.754166666666667	136.641660349805
0.758333333333333	137.157231184684
0.7625	137.287406633694
0.766666666666667	136.023561733708
0.770833333333333	135.09371533222
0.775	132.517855859772
0.779166666666667	132.928389005265
0.783333333333333	131.743256144102
0.7875	131.738655822465
0.791666666666667	132.946672839753
0.795833333333333	133.389172674711
0.8	132.769405758987
0.804166666666667	131.855780737577
0.808333333333333	130.294234300154
0.8125	131.566123841441
0.816666666666667	130.11987255953
0.820833333333333	131.283883131182
0.825	129.93776854869
0.829166666666667	130.818196634477
0.833333333333333	131.870036553142
0.8375	132.783077117923
0.841666666666667	132.003663131226
0.845833333333333	130.935394941773
0.85	132.15098878173
0.854166666666667	132.573862717822
0.858333333333333	131.720262040298
0.8625	131.367991964076
0.866666666666667	131.798564053264
0.870833333333333	132.405312808873
0.875	132.601549354498
0.879166666666667	132.844509322413
0.883333333333333	132.745764282336
0.8875	131.851105100856
0.891666666666667	132.335051368004
0.895833333333333	135.116213471812
0.9	137.461687369575
0.904166666666667	138.143925046356
0.908333333333333	138.601584534301
0.9125	138.252474991752
0.916666666666667	137.90852359569
0.920833333333333	137.520143193514
0.925	137.488358437298
0.929166666666667	137.726695744327
0.933333333333333	139.093634271729
0.9375	139.877832498947
0.941666666666667	139.813127845873
0.945833333333333	140.200894754269
0.95	140.021129055301
0.954166666666667	138.05728532017
0.958333333333333	139.642060298613
0.9625	139.880856664067
0.966666666666667	137.434272909652
0.970833333333333	136.463536779996
0.975	133.77427820752
0.979166666666667	134.230441096631
0.983333333333333	134.676995067353
0.9875	134.424426825496
0.991666666666667	133.457289945894
0.995833333333333	133.901903598035
1	134.159346454204
1.00416666666667	134.236926271095
1.00833333333333	134.775709559981
1.0125	133.18714586237
1.01666666666667	134.476233813034
1.02083333333333	133.805946590034
1.025	134.123397898941
1.02916666666667	133.65432839778
1.03333333333333	134.319032880872
1.0375	135.10942849322
1.04166666666667	136.257796236334
1.04583333333333	135.028768397885
1.05	135.440772129323
1.05416666666667	134.884491202929
1.05833333333333	133.846166059691
1.0625	133.604222420503
1.06666666666667	133.583062241561
1.07083333333333	134.860586346733
1.075	133.544069408166
1.07916666666667	133.790832896211
1.08333333333333	133.690266195219
1.0875	133.098539524264
1.09166666666667	133.465500894
1.09583333333333	134.102397183035
1.1	134.413705823444
1.10416666666667	135.820579295489
1.10833333333333	134.754006757186
1.1125	134.247749162209
1.11666666666667	133.224438049578
1.12083333333333	134.416485332337
1.125	135.911715761101
1.12916666666667	136.041655460368
1.13333333333333	136.000838248469
1.1375	136.029593754556
1.14166666666667	135.854471752667
1.14583333333333	136.579606490489
1.15	136.77439590128
1.15416666666667	137.647401820885
1.15833333333333	137.925465722957
1.1625	137.773706335205
1.16666666666667	138.538939265172
1.17083333333333	139.573040575084
1.175	138.500832002046
1.17916666666667	137.544680025167
1.18333333333333	136.291267302698
1.1875	136.689615907745
1.19166666666667	135.381232086896
1.19583333333333	136.484130574125
1.2	137.421342551746
1.20416666666667	137.72928391733
1.20833333333333	136.374507573094
1.2125	136.213336908246
1.21666666666667	136.223700965282
1.22083333333333	134.699945316295
1.225	134.503897638697
1.22916666666667	133.798731917213
1.23333333333333	133.001411975846
1.2375	131.074742610093
1.24166666666667	130.898045431141
1.24583333333333	131.423683448127
1.25	132.118026750214
1.25416666666667	133.632016591295
1.25833333333333	132.780306647897
1.2625	132.922977910831
1.26666666666667	133.526815215623
1.27083333333333	133.357089435023
1.275	133.38708419384
1.27916666666667	132.073972675693
1.28333333333333	132.665853826855
1.2875	133.181823104511
1.29166666666667	133.877956205061
1.29583333333333	135.439902936034
1.3	135.472875559281
1.30416666666667	134.765930124408
1.30833333333333	134.822244020476
1.3125	135.794058200161
1.31666666666667	136.164605292535
1.32083333333333	135.476771498276
1.325	133.933628724809
1.32916666666667	134.438624667541
1.33333333333333	134.132540384426
1.3375	133.936796601882
1.34166666666667	134.469928263728
1.34583333333333	135.355761036881
1.35	135.951635244671
1.35416666666667	135.293292830029
1.35833333333333	134.616271288267
1.3625	135.650880819982
1.36666666666667	136.632017937166
1.37083333333333	136.848025387873
1.375	136.14928660871
1.37916666666667	137.288574955042
1.38333333333333	136.258041575861
1.3875	136.751129251586
1.39166666666667	136.284922594739
1.39583333333333	136.664740446419
1.4	137.18464016029
1.40416666666667	137.068068157451
1.40833333333333	136.075179006325
1.4125	135.689677995565
1.41666666666667	135.151712051562
1.42083333333333	135.168685856991
1.425	135.273965731603
1.42916666666667	136.031769348349
1.43333333333333	136.807288686131
1.4375	136.718414623927
1.44166666666667	137.612027562856
1.44583333333333	138.268066240343
1.45	138.000099066331
1.45416666666667	137.240413495036
1.45833333333333	136.712442950041
1.4625	135.49790146479
1.46666666666667	135.432541016523
1.47083333333333	134.93071262264
1.475	135.034183627624
1.47916666666667	136.03562487449
1.48333333333333	134.849475903055
1.4875	134.606804137422
1.49166666666667	134.270618176824
1.49583333333333	134.449614319579
1.5	135.718970282872
1.50416666666667	135.515340153388
1.50833333333333	136.491189928252
1.5125	135.974912959015
1.51666666666667	137.592811079795
1.52083333333333	137.639303260298
1.525	137.053365683081
1.52916666666667	135.927421996774
1.53333333333333	135.874946371764
1.5375	137.081109980263
1.54166666666667	137.611679329887
1.54583333333333	136.399779390853
1.55	137.402709164287
1.55416666666667	138.626040066939
1.55833333333333	139.965107972453
1.5625	141.137815544941
1.56666666666667	140.431930651
1.57083333333333	139.934760161191
1.575	139.554051083844
1.57916666666667	139.056353431908
1.58333333333333	138.593561433319
1.5875	136.880017613687
1.59166666666667	136.695775398949
1.59583333333333	137.915499604123
1.6	138.035364143872
1.60416666666667	136.287355893556
1.60833333333333	135.916482278919
1.6125	135.689808505655
1.61666666666667	135.455903593822
1.62083333333333	133.687013034738
1.625	133.813226078483
1.62916666666667	132.979796777762
1.63333333333333	132.290287528075
1.6375	132.164209966867
1.64166666666667	133.536474853039
1.64583333333333	131.357648657932
1.65	132.563330008473
1.65416666666667	132.97775410967
1.65833333333333	133.599207553832
1.6625	135.319803481794
1.66666666666667	134.797115105229
1.67083333333333	134.158496234854
1.675	135.966352849299
1.67916666666667	135.65742884475
1.68333333333333	135.685267227843
1.6875	135.351729595414
1.69166666666667	134.263083374791
1.69583333333333	132.569235692115
1.7	132.291996513056
1.70416666666667	131.353506611881
1.70833333333333	130.580090608252
1.7125	130.909392950671
1.71666666666667	131.508886459364
1.72083333333333	131.35438837659
1.725	130.38276830072
1.72916666666667	131.886375698087
1.73333333333333	132.94673600682
1.7375	133.480283322505
1.74166666666667	133.832438122201
1.74583333333333	133.514150990431
1.75	134.303105918307
1.75416666666667	133.657448812025
1.75833333333333	133.376184874979
1.7625	134.073411580615
1.76666666666667	132.273253706748
1.77083333333333	131.544170332835
1.775	131.889351996618
1.77916666666667	132.588539320532
1.78333333333333	133.620476725426
1.7875	133.635933552597
1.79166666666667	133.217588266256
1.79583333333333	134.153181444365
1.8	135.210584403968
1.80416666666667	135.110050709722
1.80833333333333	134.527850608806
1.8125	134.518049385809
1.81666666666667	133.490541945408
1.82083333333333	133.624197053841
1.825	133.733013980028
1.82916666666667	132.696045925634
1.83333333333333	133.40318817523
1.8375	133.700185959184
1.84166666666667	134.210487486249
1.84583333333333	133.888640010645
1.85	134.737264078724
1.85416666666667	134.231353302712
1.85833333333333	133.604129236022
1.8625	133.562696904571
1.86666666666667	131.368582142501
1.87083333333333	131.217154544112
1.875	132.707568762009
1.87916666666667	134.096025071023
1.88333333333333	133.032351803583
1.8875	133.138827442895
1.89166666666667	131.645546069458
1.89583333333333	130.824564571806
1.9	129.605268263034
1.90416666666667	130.308537458301
1.90833333333333	131.101846399267
1.9125	131.163536774767
1.91666666666667	130.833148578868
1.92083333333333	130.974996556099
1.925	130.739452744202
1.92916666666667	131.117045666611
1.93333333333333	132.236620702641
1.9375	132.978484673685
1.94166666666667	133.256323054261
1.94583333333333	132.613077823369
1.95	132.918924726266
1.95416666666667	132.414088811614
1.95833333333333	133.294101039754
1.9625	132.993351475381
1.96666666666667	132.325004960075
1.97083333333333	131.689109649409
1.975	133.453423635069
1.97916666666667	133.749896432157
1.98333333333333	131.468504346516
1.9875	130.571806647233
1.99166666666667	132.123226075559
1.99583333333333	133.609057656539
2	133.800271226891
2.00416666666667	133.177634828145
2.00833333333333	131.931397181365
2.0125	131.843667540687
2.01666666666667	131.682263214698
2.02083333333333	133.19342808128
2.025	132.879099170927
2.02916666666667	132.74031407676
2.03333333333333	133.059027958516
2.0375	132.320825293031
2.04166666666667	134.271009184911
2.04583333333333	133.728060640149
2.05	133.907102194241
2.05416666666667	131.641579065874
2.05833333333333	131.509711213401
2.0625	131.267526934793
2.06666666666667	132.268884129867
2.07083333333333	130.809714769286
2.075	130.901859448346
2.07916666666667	131.191330161787
2.08333333333333	132.096514715437
2.0875	132.860778605592
2.09166666666667	132.879245385891
2.09583333333333	134.251150786101
2.1	134.301580384619
2.10416666666667	134.339980735795
2.10833333333333	133.845742779371
2.1125	134.123947009854
2.11666666666667	133.389878987335
2.12083333333333	133.724038017346
2.125	132.977509216979
2.12916666666667	131.304233526317
2.13333333333333	131.450135531125
2.1375	131.710803516597
2.14166666666667	132.06927882263
2.14583333333333	132.487984693253
2.15	132.868838765329
2.15416666666667	131.689892733592
2.15833333333333	130.291266871019
2.1625	129.790947453654
2.16666666666667	130.241068593797
2.17083333333333	130.688675968307
2.175	131.280113002358
2.17916666666667	131.225392967489
2.18333333333333	131.593212011975
2.1875	130.72068253433
2.19166666666667	130.741582161999
2.19583333333333	130.938903342731
2.2	130.411706467035
2.20416666666667	131.607939186465
2.20833333333333	132.676138504682
2.2125	132.018725707433
2.21666666666667	133.024942045592
2.22083333333333	133.12786864512
2.225	132.312529791737
2.22916666666667	132.518057427012
2.23333333333333	133.758319170993
2.2375	133.18086621469
2.24166666666667	134.097428217991
2.24583333333333	133.956097670189
2.25	133.284811825421
2.25416666666667	134.431076494544
2.25833333333333	135.13391104022
2.2625	135.116634131556
2.26666666666667	134.802972418621
2.27083333333333	134.754686828187
2.275	133.753134772799
2.27916666666667	132.842685358229
2.28333333333333	132.434430522066
2.2875	132.601666789343
2.29166666666667	132.689669131357
2.29583333333333	132.365112307894
2.3	132.062900947123
2.30416666666667	130.950764645545
2.30833333333333	132.737986385428
2.3125	133.672289407251
2.31666666666667	132.769696332423
2.32083333333333	134.58309580122
2.325	133.062114945369
2.32916666666667	131.633413624066
2.33333333333333	131.04490678161
2.3375	129.479451470635
2.34166666666667	127.955029262222
2.34583333333333	127.6241230375
2.35	128.837505803288
2.35416666666667	130.716367413436
2.35833333333333	130.297975739413
2.3625	129.628921697244
2.36666666666667	128.084532905131
2.37083333333333	128.695639255986
2.375	130.172657773186
2.37916666666667	130.408785215677
2.38333333333333	130.170508740281
2.3875	131.101089806879
2.39166666666667	131.679712130319
2.39583333333333	132.703128454824
2.4	132.359029985167
2.40416666666667	131.289102171546
2.40833333333333	129.981772401554
2.4125	130.434578302232
2.41666666666667	130.103721996788
2.42083333333333	131.21265609266
2.425	131.544897930431
2.42916666666667	132.537830952051
2.43333333333333	134.13196072186
2.4375	134.322231147057
2.44166666666667	132.704793163641
2.44583333333333	133.005416744304
2.45	133.780915105171
2.45416666666667	132.997182984816
2.45833333333333	132.571087371809
2.4625	134.757624022576
2.46666666666667	133.743341439353
2.47083333333333	134.610711978583
2.475	135.004859479059
2.47916666666667	133.130196357413
2.48333333333333	134.52975554747
2.4875	136.788088404608
2.49166666666667	136.498277079159
2.49583333333333	135.526125143138
2.5	135.694571967456
2.50416666666667	135.88081051668
2.50833333333333	135.568973797165
2.5125	133.948483603524
2.51666666666667	132.619968793299
2.52083333333333	132.664651993179
2.525	131.982296540087
2.52916666666667	133.054119181917
2.53333333333333	132.810968925303
2.5375	132.811764080067
2.54166666666667	132.920455173557
2.54583333333333	134.624472167683
2.55	134.795980687949
2.55416666666667	131.712586910849
2.55833333333333	132.182467307135
2.5625	131.883575263442
2.56666666666667	132.475295669716
2.57083333333333	131.714363967959
2.575	130.718322833469
2.57916666666667	129.148740841848
2.58333333333333	127.470197095355
2.5875	127.97524071349
2.59166666666667	128.214588877147
2.59583333333333	128.069379838614
2.6	131.365670098733
2.60416666666667	133.236322937257
2.60833333333333	132.693359596239
2.6125	132.444854854719
2.61666666666667	133.008294558679
2.62083333333333	134.166175647315
2.625	134.232021099205
2.62916666666667	135.245455829522
2.63333333333333	135.481063749718
2.6375	134.814729503083
2.64166666666667	134.215010033962
2.64583333333333	133.723532380587
2.65	134.105083631026
2.65416666666667	134.782507907506
2.65833333333333	135.689562520061
2.6625	136.571425606661
2.66666666666667	136.116642416975
2.67083333333333	136.352169446666
2.675	136.283932126586
2.67916666666667	136.108108031577
2.68333333333333	137.46202186797
2.6875	138.802647979059
2.69166666666667	138.979061135623
2.69583333333333	136.881883381016
2.7	137.031938266806
2.70416666666667	137.081694250128
2.70833333333333	137.273446741346
2.7125	136.144219000142
2.71666666666667	135.52131161113
2.72083333333333	135.206312108161
2.725	134.908591479025
2.72916666666667	135.621850181591
2.73333333333333	136.215709619869
2.7375	135.643222396441
2.74166666666667	135.611159890454
2.74583333333333	135.016524880322
2.75	134.389942804597
2.75416666666667	133.314477428287
2.75833333333333	132.463441725217
2.7625	131.180406734007
2.76666666666667	131.551045926422
2.77083333333333	131.692039016532
2.775	131.52647903095
2.77916666666667	132.42097029727
2.78333333333333	130.370337203944
2.7875	129.508546925181
2.79166666666667	131.514217086974
2.79583333333333	132.432585081547
2.8	131.69634371982
2.80416666666667	132.295777724688
2.80833333333333	133.358125086522
2.8125	133.989724993028
2.81666666666667	133.688430277813
2.82083333333333	132.878815645625
2.825	133.832893618601
2.82916666666667	133.715045330056
2.83333333333333	134.394959144132
2.8375	135.189235287232
2.84166666666667	135.183650852149
2.84583333333333	134.76971978379
2.85	134.612884722725
2.85416666666667	135.003868029709
2.85833333333333	134.039998228625
2.8625	133.071177349543
2.86666666666667	133.087827563273
2.87083333333333	134.509532579035
2.875	135.661546568719
2.87916666666667	136.091413562139
2.88333333333333	137.080225462305
2.8875	136.980200692258
2.89166666666667	135.094089034036
2.89583333333333	134.675483383149
2.9	135.702342651513
2.90416666666667	134.824143437869
2.90833333333333	135.328029459863
2.9125	135.482170248236
2.91666666666667	135.553969897278
2.92083333333333	135.092883030574
2.925	134.113861781569
2.92916666666667	133.914172372961
2.93333333333333	133.593372489258
2.9375	132.868331785885
2.94166666666667	131.150175377698
2.94583333333333	132.413561426627
2.95	133.449054500105
2.95416666666667	134.122857805695
2.95833333333333	134.471993057097
2.9625	134.738816859694
2.96666666666667	134.573057238172
2.97083333333333	134.855697938062
2.975	134.152492889944
2.97916666666667	135.04229350755
2.98333333333333	134.188227347444
2.9875	134.239359558608
2.99166666666667	133.437711820638
2.99583333333333	134.89923475619
3	135.295243537321
3.00416666666667	135.88103135677
3.00833333333333	136.294970301327
3.0125	136.051506954079
3.01666666666667	135.620200118862
3.02083333333333	133.832825473353
3.025	134.095381152791
3.02916666666667	135.378134085718
3.03333333333333	135.478137335206
3.0375	135.793334336924
3.04166666666667	134.842032275702
3.04583333333333	136.1364145984
3.05	137.947984177338
3.05416666666667	137.342317954954
3.05833333333333	137.344746432736
3.0625	136.859577041926
3.06666666666667	137.12395660302
3.07083333333333	136.635246120106
3.075	136.329595281145
3.07916666666667	136.70368029383
3.08333333333333	135.239385442372
3.0875	136.615036904643
3.09166666666667	136.759698299256
3.09583333333333	135.535446736918
3.1	135.985785194841
3.10416666666667	135.915764093879
3.10833333333333	137.631011894121
3.1125	137.77257592855
3.11666666666667	137.663328013433
3.12083333333333	139.542565898208
3.125	138.924474867147
3.12916666666667	138.402108579934
3.13333333333333	136.566940788352
3.1375	137.451032081805
3.14166666666667	136.44012762742
3.14583333333333	136.668480677689
3.15	136.0600317122
3.15416666666667	135.966800141231
3.15833333333333	135.842925445384
3.1625	136.09966320545
3.16666666666667	135.637248218354
3.17083333333333	134.457740935153
3.175	133.712411596131
3.17916666666667	133.05428480816
3.18333333333333	131.700851631174
3.1875	130.959070759871
3.19166666666667	131.798923468304
3.19583333333333	131.189951043778
3.2	132.163113581656
3.20416666666667	131.298971282444
3.20833333333333	132.007696504694
3.2125	132.078572823598
3.21666666666667	133.275837165257
3.22083333333333	132.339863523243
3.225	131.93716065072
3.22916666666667	132.310624638298
3.23333333333333	131.949241339944
3.2375	133.246433591064
3.24166666666667	132.994491117406
3.24583333333333	133.621195095122
3.25	134.139084940868
3.25416666666667	133.971262502536
3.25833333333333	132.910281718967
3.2625	132.992322322712
3.26666666666667	132.944523393749
3.27083333333333	133.593768804563
3.275	133.908825644225
3.27916666666667	133.417244298932
3.28333333333333	133.042013619916
3.2875	133.609137336075
3.29166666666667	134.843654176233
3.29583333333333	135.82445916118
3.3	136.50955224679
3.30416666666667	136.629645416266
3.30833333333333	137.089091294414
3.3125	138.475981754653
3.31666666666667	138.517281233591
3.32083333333333	138.41344315249
3.325	139.377088525628
3.32916666666667	140.117503416535
3.33333333333333	139.900758670621
3.3375	140.402604581882
3.34166666666667	140.170604155227
3.34583333333333	139.651558670137
3.35	138.602953774358
3.35416666666667	138.584931593355
3.35833333333333	137.833779686783
3.3625	136.26845178503
3.36666666666667	135.377166570073
3.37083333333333	135.767993832163
3.375	136.996658468526
3.37916666666667	136.430101873081
3.38333333333333	136.374380492676
3.3875	135.918843306383
3.39166666666667	136.930421509191
3.39583333333333	135.39545162391
3.4	135.687096888952
3.40416666666667	135.141538766772
3.40833333333333	133.877419851755
3.4125	133.480865313532
3.41666666666667	132.237528288903
3.42083333333333	131.971587849492
3.425	132.935291804596
3.42916666666667	132.706774205706
3.43333333333333	133.171439935892
3.4375	133.615400393274
3.44166666666667	134.135511179955
3.44583333333333	134.061379834664
3.45	133.883874390393
3.45416666666667	135.207396650335
3.45833333333333	134.031211983828
3.4625	133.025875956181
3.46666666666667	133.847925960863
3.47083333333333	134.550997102569
3.475	136.176359601269
3.47916666666667	136.711563127281
3.48333333333333	136.097683449248
3.4875	136.483237282181
3.49166666666667	136.95764682147
3.49583333333333	137.806749373999
3.5	137.736008722826
3.50416666666667	137.013281110228
3.50833333333333	135.816396589862
3.5125	135.797317084489
3.51666666666667	135.024030273732
3.52083333333333	135.540261645274
3.525	135.040793275397
3.52916666666667	133.000503463042
3.53333333333333	132.479172360343
3.5375	133.53582873486
3.54166666666667	133.89784335343
3.54583333333333	135.125483657028
3.55	134.508659373996
3.55416666666667	135.780044880549
3.55833333333333	134.867260442567
3.5625	134.932843660299
3.56666666666667	134.64215938239
3.57083333333333	133.329167340801
3.575	131.329587217991
3.57916666666667	132.219424137423
3.58333333333333	130.807832731245
3.5875	131.81420005668
3.59166666666667	131.381000063862
3.59583333333333	130.840865033692
3.6	131.3271324476
3.60416666666667	132.668717600891
3.60833333333333	132.775248412437
3.6125	133.859468581138
3.61666666666667	135.08767303333
3.62083333333333	135.652551191844
3.625	135.272171755144
3.62916666666667	134.882639208755
3.63333333333333	135.542870534735
3.6375	135.512760386806
3.64166666666667	135.618002385804
3.64583333333333	135.482761327894
3.65	135.343342502669
3.65416666666667	134.541848878963
3.65833333333333	133.091542800898
3.6625	134.168349344671
3.66666666666667	132.438545730387
3.67083333333333	132.890539682512
3.675	132.810435557208
3.67916666666667	133.642708681644
3.68333333333333	131.201836427636
3.6875	130.772797855397
3.69166666666667	129.730667091803
3.69583333333333	129.736318583834
3.7	129.211494332718
3.70416666666667	129.137748743457
3.70833333333333	129.867729359328
3.7125	131.228753594575
3.71666666666667	132.660640684175
3.72083333333333	132.85420367277
3.725	132.49970356826
3.72916666666667	133.044298400307
3.73333333333333	131.625086691372
3.7375	131.153078558736
3.74166666666667	131.462700498681
3.74583333333333	131.023085955306
3.75	131.121218866481
3.75416666666667	130.955932036102
3.75833333333333	131.421003898843
3.7625	131.418913894299
3.76666666666667	130.989920142204
3.77083333333333	130.671121285189
3.775	131.156380114713
3.77916666666667	132.069958222471
3.78333333333333	131.854610154747
3.7875	132.638618342056
3.79166666666667	132.452803434687
3.79583333333333	133.141696069436
3.8	132.575815761324
3.80416666666667	132.810684107865
3.80833333333333	133.000643090315
3.8125	132.686053359973
3.81666666666667	133.532840850892
3.82083333333333	134.394993822444
3.825	134.186818404926
3.82916666666667	135.657680330075
3.83333333333333	134.622712970222
3.8375	134.496971759758
3.84166666666667	134.971619834464
3.84583333333333	134.746047875883
3.85	132.82246366655
3.85416666666667	132.840708775545
3.85833333333333	132.728003809761
3.8625	132.475102152402
3.86666666666667	132.717604503099
3.87083333333333	132.983154724731
3.875	132.906824157898
3.87916666666667	132.878271861158
3.88333333333333	132.612967398066
3.8875	132.009420087455
3.89166666666667	132.28754625066
3.89583333333333	132.719383095984
3.9	131.999660837991
3.90416666666667	131.772572592324
3.90833333333333	132.860185726036
3.9125	133.071287309067
3.91666666666667	133.849441206577
3.92083333333333	133.481995395087
3.925	133.944954511671
3.92916666666667	132.41707244882
3.93333333333333	131.758357326233
3.9375	130.637798994678
3.94166666666667	130.637757266253
3.94583333333333	130.16688665629
3.95	130.853973754852
3.95416666666667	130.569484628875
3.95833333333333	132.212308709355
3.9625	133.188686022938
3.96666666666667	132.357271443513
3.97083333333333	131.493381691482
3.975	132.139695748946
3.97916666666667	134.865661324263
3.98333333333333	134.647316947146
3.9875	135.388617928677
3.99166666666667	137.532675632417
3.99583333333333	137.747892622164
4	137.35784406305
4.00416666666667	137.306390951204
4.00833333333333	136.845352156708
4.0125	136.499393765779
4.01666666666667	137.090802068372
4.02083333333333	136.463541997778
4.025	135.828867025905
4.02916666666667	135.66287560915
4.03333333333333	135.822914646805
4.0375	136.428084477709
4.04166666666667	136.312803724799
4.04583333333333	137.310727533067
4.05	136.656939669392
4.05416666666667	135.873327741663
4.05833333333333	135.829065929703
4.0625	135.765147731894
4.06666666666667	135.965402977374
4.07083333333333	136.217787867509
4.075	135.56645484587
4.07916666666667	134.617676623622
4.08333333333333	134.498716944608
4.0875	134.77717094582
4.09166666666667	133.536744290156
4.09583333333333	132.411453227648
4.1	132.179068347317
4.10416666666667	131.193385771483
4.10833333333333	131.847972679901
4.1125	132.726493111369
4.11666666666667	133.277252146958
4.12083333333333	133.363381426869
4.125	132.319207414616
4.12916666666667	131.1477940244
4.13333333333333	132.158273138081
4.1375	130.621294238629
4.14166666666667	130.178718068062
4.14583333333333	131.520530055102
4.15	131.461799340437
4.15416666666667	132.486833327902
4.15833333333333	132.488371868851
4.1625	132.021591959008
4.16666666666667	132.400226313928
4.17083333333333	131.753262470149
4.175	130.470154105109
4.17916666666667	128.657977022447
4.18333333333333	129.597974760921
4.1875	132.041867411724
4.19166666666667	134.014523494057
4.19583333333333	134.306485888547
4.2	135.062035444941
4.20416666666667	136.119242892446
4.20833333333333	135.272653593515
4.2125	135.983243008851
4.21666666666667	134.95243451413
4.22083333333333	136.276475698097
4.225	135.590532920664
4.22916666666667	134.083113601479
4.23333333333333	133.849968466216
4.2375	130.790245924905
4.24166666666667	130.214926506101
4.24583333333333	129.993518272578
4.25	128.329253627752
4.25416666666667	130.165895921141
4.25833333333333	129.499869223438
4.2625	129.932454625577
4.26666666666667	131.323067659762
4.27083333333333	130.492200910863
4.275	130.517412850195
4.27916666666667	130.168047178475
4.28333333333333	131.380871557258
4.2875	131.431161583818
4.29166666666667	132.010839639896
4.29583333333333	134.110305874227
4.3	133.494243031492
4.30416666666667	135.500081811019
4.30833333333333	135.851148736671
4.3125	135.361600494927
4.31666666666667	134.583448334021
4.32083333333333	133.560428907335
4.325	133.665377770008
4.32916666666667	134.659055142198
4.33333333333333	134.723415187779
4.3375	135.073532107808
4.34166666666667	133.89872548142
4.34583333333333	134.136116506313
4.35	135.207627632695
4.35416666666667	134.828485543384
4.35833333333333	134.827465827412
4.3625	134.958696005255
4.36666666666667	134.802229406369
4.37083333333333	134.23677495117
4.375	133.446902619567
4.37916666666667	134.489392609965
4.38333333333333	133.260256632892
4.3875	134.873074178423
4.39166666666667	135.227559114838
4.39583333333333	134.941047868458
4.4	134.117106960313
4.40416666666667	132.810809384436
4.40833333333333	133.064410378944
4.4125	132.098550530618
4.41666666666667	131.711732671265
4.42083333333333	130.596928323113
4.425	131.349340427552
4.42916666666667	131.049594159422
4.43333333333333	130.919770189746
4.4375	129.673434219398
4.44166666666667	131.111718267438
4.44583333333333	131.169744862717
4.45	131.126365662177
4.45416666666667	131.821038924359
4.45833333333333	131.732041405538
4.4625	130.588910441427
4.46666666666667	131.183852468784
4.47083333333333	130.863289736063
4.475	129.831411028749
4.47916666666667	129.103010368981
4.48333333333333	129.164668768816
4.4875	127.675488127935
4.49166666666667	126.796968316032
4.49583333333333	128.639495765116
4.5	129.411253106142
4.50416666666667	130.862794704196
4.50833333333333	130.21779901447
4.5125	130.582158811106
4.51666666666667	130.589870495173
4.52083333333333	129.846530865359
4.525	129.722831835506
4.52916666666667	131.166416858625
4.53333333333333	131.222942349316
4.5375	130.689839769865
4.54166666666667	130.768856201742
4.54583333333333	130.436493422403
4.55	130.061390139876
4.55416666666667	129.580534268946
4.55833333333333	128.813503940678
4.5625	128.131829963736
4.56666666666667	129.712733996069
4.57083333333333	130.388419002455
4.575	131.48144177735
4.57916666666667	131.598664660205
4.58333333333333	132.074345671336
4.5875	132.141278532894
4.59166666666667	133.215508520766
4.59583333333333	131.880630081539
4.6	132.317013758887
4.60416666666667	134.127097282687
4.60833333333333	135.082896401551
4.6125	136.449745761192
4.61666666666667	134.820298499498
4.62083333333333	133.80453298696
4.625	132.9125093558
4.62916666666667	132.724916236904
4.63333333333333	132.015923750164
4.6375	133.105390345497
4.64166666666667	134.229524830854
4.64583333333333	135.358227099233
4.65	133.661015412846
4.65416666666667	132.66221045304
4.65833333333333	131.263757227911
4.6625	131.867272933427
4.66666666666667	131.100842500157
4.67083333333333	131.554919531166
4.675	131.237477861488
4.67916666666667	131.40097839641
4.68333333333333	130.552169036357
4.6875	129.632894126997
4.69166666666667	129.064039534986
4.69583333333333	129.624369994958
4.7	128.709135729061
4.70416666666667	128.862823258978
4.70833333333333	128.463016126801
4.7125	128.070238881769
4.71666666666667	129.1124626866
4.72083333333333	129.835850191842
4.725	130.550640981641
4.72916666666667	132.13899697815
4.73333333333333	131.845979226157
4.7375	130.97633074093
4.74166666666667	132.636575342068
4.74583333333333	133.36149345693
4.75	133.581158572685
4.75416666666667	132.878832868648
4.75833333333333	133.008759625747
4.7625	133.224601332305
4.76666666666667	134.210258526562
4.77083333333333	133.422207121898
4.775	133.54445685305
4.77916666666667	133.790994716437
4.78333333333333	133.467745393735
4.7875	132.467927169594
4.79166666666667	133.006339429879
4.79583333333333	132.160065429232
4.8	132.338920675752
4.80416666666667	133.284405466363
4.80833333333333	133.393214881766
4.8125	134.160142073148
4.81666666666667	133.859546713974
4.82083333333333	133.373624034299
4.825	133.035596864878
4.82916666666667	133.23647881775
4.83333333333333	131.677540160124
4.8375	132.180725081569
4.84166666666667	132.464772576783
4.84583333333333	133.798252520172
4.85	132.72278850765
4.85416666666667	130.869818349107
4.85833333333333	130.39530333095
4.8625	129.51066537892
4.86666666666667	130.026073232945
4.87083333333333	130.681145516761
4.875	129.475925751034
4.87916666666667	129.98925741747
4.88333333333333	131.567076866044
4.8875	131.494862800696
4.89166666666667	131.959787447671
4.89583333333333	131.532918866559
4.9	129.815812951284
4.90416666666667	129.555428044288
4.90833333333333	131.263571819092
4.9125	131.232882564372
4.91666666666667	132.355715494596
4.92083333333333	133.64140872114
4.925	133.048993162128
4.92916666666667	133.374731120782
4.93333333333333	133.97002766849
4.9375	133.476318551287
4.94166666666667	133.052613307777
4.94583333333333	132.469013831599
4.95	132.972680147735
4.95416666666667	133.700599108373
4.95833333333333	133.676625151004
4.9625	134.359522857862
4.96666666666667	133.743685677274
4.97083333333333	134.152869664807
4.975	134.002834254492
4.97916666666667	133.755088772431
4.98333333333333	133.469480208172
4.9875	132.917901066607
4.99166666666667	132.559082110805
4.99583333333333	131.507159215259
5	129.582986788612
5.00416666666667	130.328220918702
5.00833333333333	132.412620490456
5.0125	133.288658525104
5.01666666666667	132.233813576532
5.02083333333333	132.628239725016
5.025	133.094737679067
5.02916666666667	132.857277721449
5.03333333333333	131.540578749494
5.0375	130.597864344353
5.04166666666667	131.019257737909
5.04583333333333	130.992749570586
5.05	131.159101429595
5.05416666666667	131.780739929962
5.05833333333333	131.394567449093
5.0625	129.919267244703
5.06666666666667	129.259140709416
5.07083333333333	129.769917796193
5.075	130.604525571289
5.07916666666667	130.498950397636
5.08333333333333	130.479959463275
5.0875	129.936234238528
5.09166666666667	130.856235145792
5.09583333333333	131.549004829393
5.1	132.233573422598
5.10416666666667	132.04688361283
5.10833333333333	133.052226752027
5.1125	134.45392755221
5.11666666666667	134.801248866975
5.12083333333333	133.878273836728
5.125	133.46366782788
5.12916666666667	133.100259338783
5.13333333333333	133.84120329317
5.1375	131.533567551587
5.14166666666667	131.869974530379
5.14583333333333	131.256762794288
5.15	131.872009057246
5.15416666666667	132.491578804718
5.15833333333333	132.972314274042
5.1625	133.986799860474
5.16666666666667	135.301533337708
5.17083333333333	136.687211830767
5.175	136.414669515986
5.17916666666667	135.293577298116
5.18333333333333	133.753099968325
5.1875	133.893343429136
5.19166666666667	133.555856664309
5.19583333333333	133.236245499995
5.2	132.455691871702
5.20416666666667	132.027767954748
5.20833333333333	130.681633295049
5.2125	131.01180878055
5.21666666666667	131.108564204226
5.22083333333333	131.248251961847
5.225	131.67176041923
5.22916666666667	130.982146775549
5.23333333333333	130.991228573305
5.2375	129.961203109266
5.24166666666667	130.407917018848
5.24583333333333	131.789910967502
5.25	132.419672501239
5.25416666666667	132.516987322898
5.25833333333333	133.117692153303
5.2625	134.526769695981
5.26666666666667	133.552399503807
5.27083333333333	134.201845731243
5.275	133.769486991574
5.27916666666667	133.429252938541
5.28333333333333	132.361086877014
5.2875	132.747250261471
5.29166666666667	132.903892047265
5.29583333333333	134.232511068755
5.3	135.771798417579
5.30416666666667	137.081658360084
5.30833333333333	136.314393333973
5.3125	136.405851204752
5.31666666666667	135.404995405165
5.32083333333333	133.408168560232
5.325	133.77335922856
5.32916666666667	132.406898388776
5.33333333333333	132.054951106947
5.3375	133.040347224695
5.34166666666667	134.011016537801
5.34583333333333	134.349571937823
5.35	135.02561250807
5.35416666666667	134.497859650143
5.35833333333333	134.904590052439
5.3625	134.29605701272
5.36666666666667	133.715864399291
5.37083333333333	134.494006019353
5.375	134.481330194428
5.37916666666667	131.967012107909
5.38333333333333	131.088072297699
5.3875	131.50570280124
5.39166666666667	130.741354063372
5.39583333333333	130.462672622739
5.4	130.791876991297
5.40416666666667	130.565270489821
5.40833333333333	131.231670928391
5.4125	130.969237054811
5.41666666666667	130.363697241592
5.42083333333333	131.352117374449
5.425	130.084520789881
5.42916666666667	129.388581281782
5.43333333333333	130.371772442294
5.4375	130.323271004365
5.44166666666667	129.505851018983
5.44583333333333	129.430425408485
5.45	130.724458741219
5.45416666666667	131.573399156245
5.45833333333333	131.495361309293
5.4625	133.488741728994
5.46666666666667	133.717223157067
5.47083333333333	133.691769344702
5.475	133.261063968824
5.47916666666667	133.725652124971
5.48333333333333	133.826754558988
5.4875	132.217615162498
5.49166666666667	131.717137532528
5.49583333333333	130.236666139387
5.5	129.63459339825
5.50416666666667	130.598884613342
5.50833333333333	131.982236284176
5.5125	131.189443044506
5.51666666666667	132.835320994733
5.52083333333333	133.240107244241
5.525	133.589297226649
5.52916666666667	135.068664729354
5.53333333333333	134.890933515508
5.5375	134.794119478892
5.54166666666667	135.074424070736
5.54583333333333	133.996631919349
5.55	134.998856662231
5.55416666666667	134.629498319107
5.55833333333333	133.295242466305
5.5625	133.031402869809
5.56666666666667	134.22471961751
5.57083333333333	133.212386496107
5.575	132.284859616742
5.57916666666667	134.403020534322
5.58333333333333	134.79490461296
5.5875	134.457549036773
5.59166666666667	133.212369856776
5.59583333333333	134.312316600344
5.6	133.76722872158
5.60416666666667	134.29190317364
5.60833333333333	134.24082089271
5.6125	133.766779479366
5.61666666666667	132.899307803689
5.62083333333333	131.172023811066
5.625	131.608360431946
5.62916666666667	131.677520150538
5.63333333333333	131.518575240678
5.6375	131.450045250343
5.64166666666667	132.290393595748
5.64583333333333	131.647941900048
5.65	130.845723650184
5.65416666666667	129.800302568065
5.65833333333333	130.097985063347
5.6625	129.883757611572
5.66666666666667	129.936853541075
5.67083333333333	131.472490128121
5.675	132.887576408205
5.67916666666667	133.168558337652
5.68333333333333	133.56275405773
5.6875	134.139952936449
5.69166666666667	135.699209345703
5.69583333333333	135.021782344842
5.7	136.94532381635
5.70416666666667	136.494839046363
5.70833333333333	136.205525914857
5.7125	135.132915880749
5.71666666666667	134.617132572649
5.72083333333333	135.450396998119
5.725	134.252160276086
5.72916666666667	134.199257371171
5.73333333333333	134.518539559086
5.7375	135.358645247085
5.74166666666667	134.33725248244
5.74583333333333	135.712115083519
5.75	133.182028871234
5.75416666666667	133.104054422725
5.75833333333333	132.915474922953
5.7625	132.190521384119
5.76666666666667	131.93503955251
5.77083333333333	130.158152147556
5.775	130.301769403476
5.77916666666667	130.864389961912
5.78333333333333	130.880252973335
5.7875	131.093401852297
5.79166666666667	128.849755117553
5.79583333333333	128.118191650495
5.8	128.973857126434
5.80416666666667	129.157352556329
5.80833333333333	129.898204195232
5.8125	130.592917862817
5.81666666666667	127.798140693985
5.82083333333333	128.395893260731
5.825	128.491477384615
5.82916666666667	128.532284822458
5.83333333333333	131.425920797773
5.8375	131.66979335281
5.84166666666667	131.284914153182
5.84583333333333	131.261093567337
5.85	131.086412304128
5.85416666666667	132.902951370454
5.85833333333333	132.74237417868
5.8625	133.116129456988
5.86666666666667	132.857303661083
5.87083333333333	133.859717361631
5.875	134.027987803683
5.87916666666667	135.136558915605
5.88333333333333	137.195259882663
5.8875	136.50089781415
5.89166666666667	136.249069549724
5.89583333333333	135.209199351678
5.9	136.267824373812
5.90416666666667	138.149783576025
5.90833333333333	138.370038596279
5.9125	137.397674765893
5.91666666666667	136.301323330168
5.92083333333333	134.813830807947
5.925	134.506759284423
5.92916666666667	134.080587489999
5.93333333333333	133.433331629533
5.9375	132.627588705545
5.94166666666667	132.170346674278
5.94583333333333	132.299342354167
5.95	132.957289849781
5.95416666666667	131.488835813322
5.95833333333333	132.544756897763
5.9625	132.990945932569
5.96666666666667	133.902238127148
5.97083333333333	134.549555670828
5.975	135.351204130576
5.97916666666667	136.23991287716
5.98333333333333	134.95403619
5.9875	135.157570675424
5.99166666666667	134.865831853682
5.99583333333333	136.554685404544
6	136.872987223058
6.00416666666667	135.835989293257
6.00833333333333	136.208280048316
6.0125	135.62265738153
6.01666666666667	134.19891955344
6.02083333333333	135.736193332384
6.025	134.263319221244
6.02916666666667	133.76418543812
6.03333333333333	133.043140555846
6.0375	133.54526275647
6.04166666666667	135.254216526097
6.04583333333333	136.626329086124
6.05	136.071507125686
6.05416666666667	136.271936141583
6.05833333333333	135.345707541084
6.0625	135.855256690535
6.06666666666667	136.636980352
6.07083333333333	134.923747006647
6.075	134.263784046222
6.07916666666667	134.66509189502
6.08333333333333	134.7854212929
6.0875	134.032653710019
6.09166666666667	134.11510359365
6.09583333333333	132.256499910076
6.1	132.404560558869
6.10416666666667	132.634319574399
6.10833333333333	132.819258304393
6.1125	132.946541827464
6.11666666666667	133.762520237902
6.12083333333333	134.200396030239
6.125	136.102152310939
6.12916666666667	135.638642459135
6.13333333333333	134.70663926302
6.1375	134.935589372182
6.14166666666667	135.369472889442
6.14583333333333	137.316636470634
6.15	137.171486961745
6.15416666666667	135.621111718361
6.15833333333333	136.080234987689
6.1625	134.509204927019
6.16666666666667	134.587130467573
6.17083333333333	135.489798690527
6.175	134.89159124509
6.17916666666667	135.270469760826
6.18333333333333	136.116422373196
6.1875	135.394059535962
6.19166666666667	136.127177968379
6.19583333333333	137.04246024776
6.2	136.922070609629
6.20416666666667	136.193569387857
6.20833333333333	137.210727031892
6.2125	136.16138244664
6.21666666666667	134.824942767595
6.22083333333333	133.980395112661
6.225	134.731373560821
6.22916666666667	134.402710955569
6.23333333333333	133.717549426652
6.2375	134.907886055666
6.24166666666667	135.518496789047
6.24583333333333	134.699594993618
6.25	135.189054027858
6.25416666666667	134.176560413739
6.25833333333333	134.435120007372
6.2625	133.9538763993
6.26666666666667	133.453670103331
6.27083333333333	133.810747279917
6.275	134.311128419722
6.27916666666667	132.677366417625
6.28333333333333	129.816376144593
6.2875	131.120301507875
6.29166666666667	130.86955966938
6.29583333333333	132.363943321973
6.3	130.993589049441
6.30416666666667	131.485255585908
6.30833333333333	131.500825476322
6.3125	131.639238881262
6.31666666666667	132.379067356262
6.32083333333333	133.142779243784
6.325	132.756391498968
6.32916666666667	133.442119230557
6.33333333333333	132.573490178885
6.3375	133.115313352099
6.34166666666667	132.589088586451
6.34583333333333	133.047723438876
6.35	132.313800159165
6.35416666666667	132.404917347891
6.35833333333333	132.995682452557
6.3625	132.408911205324
6.36666666666667	132.654478675184
6.37083333333333	132.299663661079
6.375	131.24343706644
6.37916666666667	131.10942422194
6.38333333333333	131.560432957657
6.3875	131.537843988425
6.39166666666667	130.985585878687
6.39583333333333	130.811194605187
6.4	129.859082475793
6.40416666666667	131.284029980514
6.40833333333333	130.843521966525
6.4125	131.992504283386
6.41666666666667	132.6363807534
6.42083333333333	133.333693220957
6.425	133.149541743073
6.42916666666667	132.167900297594
6.43333333333333	133.76541469962
6.4375	133.463818998669
6.44166666666667	133.837349561937
6.44583333333333	134.45350975075
6.45	132.755459971615
6.45416666666667	132.843683042101
6.45833333333333	132.772310164738
6.4625	133.661289388867
6.46666666666667	133.473056120992
6.47083333333333	132.398748826857
6.475	130.766167798239
6.47916666666667	131.608077457188
6.48333333333333	130.11636398145
6.4875	132.608531756947
6.49166666666667	132.812073853604
6.49583333333333	132.890073402449
6.5	133.468127149102
6.50416666666667	133.876131809967
6.50833333333333	132.17713594318
6.5125	133.502988627582
6.51666666666667	133.22354873156
6.52083333333333	133.127758491445
6.525	131.897779577573
6.52916666666667	130.94825366638
6.53333333333333	130.547673356604
6.5375	129.954450508967
6.54166666666667	128.706674406741
6.54583333333333	128.813603478204
6.55	127.551691091125
6.55416666666667	126.875270958522
6.55833333333333	127.391062823704
6.5625	127.386198601231
6.56666666666667	127.047216642772
6.57083333333333	127.617925566779
6.575	129.45972254318
6.57916666666667	128.291306641207
6.58333333333333	128.886099672194
6.5875	129.379223987999
6.59166666666667	129.674466509273
6.59583333333333	130.970238661918
6.6	132.485267607996
6.60416666666667	131.319097284336
6.60833333333333	132.589191073418
6.6125	132.339872345127
6.61666666666667	131.0347967232
6.62083333333333	131.502095460663
6.625	133.284751187757
6.62916666666667	134.181072337883
6.63333333333333	135.098851822418
6.6375	135.327487332603
6.64166666666667	135.646861928426
6.64583333333333	135.05966369481
6.65	136.290234985608
6.65416666666667	134.89877980884
6.65833333333333	132.592982537787
6.6625	132.093727431685
6.66666666666667	131.946509922664
6.67083333333333	132.310544862729
6.675	130.676404512969
6.67916666666667	129.692694274145
6.68333333333333	129.295308662393
6.6875	128.635952853991
6.69166666666667	129.300531175374
6.69583333333333	128.86897155169
6.7	128.458944043852
6.70416666666667	126.704480986202
6.70833333333333	126.923240806462
6.7125	126.459580345171
6.71666666666667	126.053284717554
6.72083333333333	126.835698109637
6.725	127.035456762609
6.72916666666667	126.838136870617
6.73333333333333	128.877061523427
6.7375	129.11323934839
6.74166666666667	129.935523720152
6.74583333333333	130.575557381548
6.75	130.013677336013
6.75416666666667	131.815219781072
6.75833333333333	133.312648114482
6.7625	132.821713189393
6.76666666666667	133.279322468401
6.77083333333333	134.475058587557
6.775	135.022141852676
6.77916666666667	135.188130422413
6.78333333333333	136.262930117463
6.7875	136.563678240091
6.79166666666667	136.466191404953
6.79583333333333	134.554716940928
6.8	135.908104995705
6.80416666666667	136.422528974788
6.80833333333333	135.430633166632
6.8125	135.190329645679
6.81666666666667	135.356789708225
6.82083333333333	134.0651900847
6.825	133.281078177454
6.82916666666667	132.771332337391
6.83333333333333	133.614299644128
6.8375	132.953627109568
6.84166666666667	133.301960898904
6.84583333333333	132.504286692955
6.85	131.763528507019
6.85416666666667	131.210128904015
6.85833333333333	130.810383349488
6.8625	129.564947145178
6.86666666666667	128.750428770408
6.87083333333333	126.824466231981
6.875	127.099543684935
6.87916666666667	126.643078612403
6.88333333333333	127.470679782075
6.8875	128.736175578127
6.89166666666667	129.906568906785
6.89583333333333	129.100774114545
6.9	129.070929592669
6.90416666666667	127.045136873758
6.90833333333333	128.690384306359
6.9125	129.828449513603
6.91666666666667	131.316271655788
6.92083333333333	131.010641807699
6.925	130.392175968742
6.92916666666667	130.725389656725
6.93333333333333	130.768602027725
6.9375	131.763742226748
6.94166666666667	131.12703505149
6.94583333333333	130.115571367194
6.95	130.742867195508
6.95416666666667	129.757851067733
6.95833333333333	130.381938715712
6.9625	130.223134860834
6.96666666666667	129.957614284564
6.97083333333333	130.709327641464
6.975	130.719943477236
6.97916666666667	131.454011546168
6.98333333333333	131.15674234949
6.9875	130.318639590079
6.99166666666667	130.717374371698
6.99583333333333	130.828505595085
7	130.312779733546
7.00416666666667	130.898165312032
7.00833333333333	130.720987387453
7.0125	130.665421741289
7.01666666666667	131.91165738787
7.02083333333333	131.56101180207
7.025	130.14203142507
7.02916666666667	129.739529210154
7.03333333333333	131.294235764617
7.0375	132.225772969741
7.04166666666667	130.340419651735
7.04583333333333	130.406316938572
7.05	130.520661581163
7.05416666666667	129.315287081578
7.05833333333333	129.683183822892
7.0625	130.097651289353
7.06666666666667	130.392842144214
7.07083333333333	129.028267195052
7.075	129.80749579433
7.07916666666667	130.423272197326
7.08333333333333	132.526984497446
7.0875	134.502976486883
7.09166666666667	133.553723779845
7.09583333333333	133.245448339524
7.1	133.095127163273
7.10416666666667	132.305415040691
7.10833333333333	132.769234513755
7.1125	133.787832310224
7.11666666666667	133.204222197703
7.12083333333333	133.901070898818
7.125	135.536168479668
7.12916666666667	136.536961740612
7.13333333333333	137.145302773995
7.1375	137.519865987447
7.14166666666667	136.44462007203
7.14583333333333	136.398863331857
7.15	136.084476444026
7.15416666666667	135.661545157463
7.15833333333333	135.043647459588
7.1625	134.893116072649
7.16666666666667	133.967133835157
7.17083333333333	132.832909184532
7.175	132.576549040678
7.17916666666667	131.812808204427
7.18333333333333	132.798582021275
7.1875	132.725265508531
7.19166666666667	133.660683902147
7.19583333333333	132.58087308707
7.2	132.138948263244
7.20416666666667	133.112448370298
7.20833333333333	131.676016922117
7.2125	131.074761988429
7.21666666666667	130.426320232693
7.22083333333333	130.162593561195
7.225	130.034111715294
7.22916666666667	129.534171810982
7.23333333333333	129.736400175475
7.2375	129.424413080406
7.24166666666667	128.958269352908
7.24583333333333	128.981435767587
7.25	130.582911738812
7.25416666666667	130.756885280705
7.25833333333333	131.154713968287
7.2625	132.396970532492
7.26666666666667	133.21604559995
7.27083333333333	131.836645799371
7.275	132.120729642339
7.27916666666667	131.86120879996
7.28333333333333	130.650205238212
7.2875	130.074228627498
7.29166666666667	129.153120399645
7.29583333333333	129.850707378985
7.3	131.017642821469
7.30416666666667	130.63569482426
7.30833333333333	131.018036572439
7.3125	131.221357589794
7.31666666666667	130.912299819056
7.32083333333333	131.848481836446
7.325	131.878153864198
7.32916666666667	132.22028858646
7.33333333333333	133.108258766327
7.3375	132.652397272831
7.34166666666667	133.624241209345
7.34583333333333	131.926466881524
7.35	133.263885234363
7.35416666666667	133.405893040875
7.35833333333333	131.453726786166
7.3625	130.495783143669
7.36666666666667	132.296028617598
7.37083333333333	131.566867201454
7.375	132.867864435999
7.37916666666667	131.882565187386
7.38333333333333	130.587100405226
7.3875	130.432200134493
7.39166666666667	129.380443023472
7.39583333333333	130.009784146052
7.4	130.082935549269
7.40416666666667	131.380899344241
7.40833333333333	130.246169862448
7.4125	131.350601632055
7.41666666666667	132.966841369523
7.42083333333333	133.656938053544
7.425	131.858050970843
7.42916666666667	131.544395945977
7.43333333333333	131.577852788542
7.4375	132.108481665698
7.44166666666667	131.398361382985
7.44583333333333	131.510471204357
7.45	132.271562085614
7.45416666666667	130.751150977046
7.45833333333333	130.77762964837
7.4625	131.605608568159
7.46666666666667	131.813370960664
7.47083333333333	131.785926712329
7.475	131.471973427197
7.47916666666667	131.186806747496
7.48333333333333	131.468272961813
7.4875	131.32106833329
7.49166666666667	130.239569744483
7.49583333333333	131.360075911468
7.5	130.940558385624
7.50416666666667	131.395990349467
7.50833333333333	131.990796139109
7.5125	132.705691591436
7.51666666666667	132.686074152606
7.52083333333333	132.706322468023
7.525	133.434279206692
7.52916666666667	132.026710021394
7.53333333333333	133.017249528991
7.5375	133.929911661659
7.54166666666667	133.480898635778
7.54583333333333	134.37215247157
7.55	135.442985291251
7.55416666666667	134.682530981165
7.55833333333333	133.001008194263
7.5625	132.811882151727
7.56666666666667	133.034117965379
7.57083333333333	133.661036790029
7.575	134.195580736514
7.57916666666667	131.564868508604
7.58333333333333	131.218301738381
7.5875	131.710433384916
7.59166666666667	129.508330736796
7.59583333333333	130.777753130047
7.6	131.531526783038
7.60416666666667	131.610904926337
7.60833333333333	131.004803577016
7.6125	132.188722962307
7.61666666666667	133.038482409151
7.62083333333333	131.742895700414
7.625	132.24666160097
7.62916666666667	132.457771657463
7.63333333333333	130.286322628363
7.6375	128.67381636124
7.64166666666667	128.702015037557
7.64583333333333	130.522556861714
7.65	131.124773415417
7.65416666666667	130.644271980268
7.65833333333333	130.640617019255
7.6625	129.500519207533
7.66666666666667	129.9969745495
7.67083333333333	130.284851977977
7.675	129.851103096715
7.67916666666667	130.166689662047
7.68333333333333	131.260674102383
7.6875	130.073148964761
7.69166666666667	131.596590171026
7.69583333333333	131.885294706567
7.7	132.310282436972
7.70416666666667	133.250869039915
7.70833333333333	133.834984689432
7.7125	134.255198317586
7.71666666666667	134.116884016583
7.72083333333333	135.207238570366
7.725	134.639557571408
7.72916666666667	135.016246260961
7.73333333333333	134.998369393046
7.7375	135.141649750072
7.74166666666667	134.697635982821
7.74583333333333	133.800352682935
7.75	133.344422208027
7.75416666666667	133.183932513406
7.75833333333333	132.034249243318
7.7625	131.873170665784
7.76666666666667	131.403947279384
7.77083333333333	131.728183650752
7.775	132.029335861345
7.77916666666667	132.815073060829
7.78333333333333	131.852195634932
7.7875	131.933501480146
7.79166666666667	132.915707714385
7.79583333333333	130.921211908084
7.8	130.073514700223
7.80416666666667	129.951714526216
7.80833333333333	131.039507514672
7.8125	131.307860215674
7.81666666666667	133.045812363289
7.82083333333333	133.721754956297
7.825	133.934680677775
7.82916666666667	134.27530332787
7.83333333333333	136.076028883688
7.8375	135.923296331752
7.84166666666667	136.556769240076
7.84583333333333	134.482186184767
7.85	134.23646313788
7.85416666666667	135.67067173124
7.85833333333333	135.402515638984
7.8625	134.640403668089
7.86666666666667	133.823435589255
7.87083333333333	134.413276670901
7.875	133.031997329435
7.87916666666667	133.301935488216
7.88333333333333	133.204574225608
7.8875	134.017997165796
7.89166666666667	132.926992002056
7.89583333333333	132.609646434316
7.9	132.154220655194
7.90416666666667	131.102386604133
7.90833333333333	131.039036084159
7.9125	130.879686597679
7.91666666666667	131.097603596794
7.92083333333333	131.153173176204
7.925	130.795184243487
7.92916666666667	131.154531609224
7.93333333333333	130.161440633946
7.9375	129.176955927137
7.94166666666667	128.468885269385
7.94583333333333	129.723111352981
7.95	129.597771003685
7.95416666666667	129.515490918385
7.95833333333333	129.647667812433
7.9625	130.144866788325
7.96666666666667	130.756630798698
7.97083333333333	130.468042728643
7.975	130.154636928033
7.97916666666667	130.722729684577
7.98333333333333	130.138696671922
7.9875	129.103113318555
7.99166666666667	130.352806537423
7.99583333333333	130.355048531719
8	130.113450999401
8.00416666666667	128.963154067167
8.00833333333333	129.785658575502
8.0125	129.699297257995
8.01666666666667	130.948134653135
8.02083333333333	131.065939180545
8.025	131.172533041725
8.02916666666667	131.43884560634
8.03333333333333	130.844556343806
8.0375	131.641592900773
8.04166666666667	131.268514943557
8.04583333333333	132.736708206357
8.05	133.525757043447
8.05416666666667	132.752472746683
8.05833333333333	132.160031324923
8.0625	131.976023583218
8.06666666666667	133.012283935725
8.07083333333333	132.896546820071
8.075	132.788194946528
8.07916666666667	132.526049519985
8.08333333333333	132.452278192217
8.0875	132.535810164177
8.09166666666667	132.406593901923
8.09583333333333	134.000728796553
8.1	135.463226424317
8.10416666666667	135.991179266719
8.10833333333333	136.122034753714
8.1125	136.707256712726
8.11666666666667	135.1009649309
8.12083333333333	134.285320718711
8.125	134.041196290629
8.12916666666667	134.951875933252
8.13333333333333	134.087934815838
8.1375	134.186193413515
8.14166666666667	133.508672692873
8.14583333333333	132.64237533722
8.15	133.000906069519
8.15416666666667	133.7676561707
8.15833333333333	133.595983346165
8.1625	133.003591265928
8.16666666666667	132.444426920855
8.17083333333333	133.532139033718
8.175	133.022350574548
8.17916666666667	132.172601677116
8.18333333333333	131.965585074379
8.1875	132.139914880485
8.19166666666667	131.317623311862
8.19583333333333	131.563234923726
8.2	131.84293484475
8.20416666666667	131.973983166746
8.20833333333333	131.842678404578
8.2125	130.68196222132
8.21666666666667	129.457828935629
8.22083333333333	131.115647715791
8.225	130.984914447063
8.22916666666667	130.272944422642
8.23333333333333	130.891325959602
8.2375	129.451132354224
8.24166666666667	130.179779379193
8.24583333333333	129.239975796225
8.25	129.925300076199
8.25416666666667	128.635286395422
8.25833333333333	128.018142632171
8.2625	128.204944627998
8.26666666666667	130.548870951067
8.27083333333333	129.881444567629
8.275	129.766964988247
8.27916666666667	131.929855693798
8.28333333333333	134.439711640055
8.2875	133.029446683253
8.29166666666667	133.970473455204
8.29583333333333	133.047452056037
8.3	132.578399733665
8.30416666666667	132.119046668515
8.30833333333333	131.068456746859
8.3125	131.427379943551
8.31666666666667	132.311006551093
8.32083333333333	132.223577737461
8.325	131.329713312881
8.32916666666667	130.985897841816
8.33333333333333	131.107898840778
8.3375	131.106424918547
8.34166666666667	132.007645885946
8.34583333333333	132.908078611569
8.35	131.353656646838
8.35416666666667	131.79099295096
8.35833333333333	130.660762988851
8.3625	130.75773545888
8.36666666666667	130.94766420656
8.37083333333333	131.53204723525
8.375	131.195815376372
8.37916666666667	132.166060806407
8.38333333333333	132.683922438043
8.3875	132.064560389863
8.39166666666667	133.077156961525
8.39583333333333	133.520845148296
8.4	135.109237501401
8.40416666666667	134.168216994414
8.40833333333333	133.513793413217
8.4125	133.423662276129
8.41666666666667	131.956984373726
8.42083333333333	132.948044575437
8.425	132.083579518493
8.42916666666667	133.036938002887
8.43333333333333	132.913634819312
8.4375	131.962513974769
8.44166666666667	132.595155236789
8.44583333333333	131.328294923336
8.45	130.910731339018
8.45416666666667	131.860807356397
8.45833333333333	132.626910473341
8.4625	132.735730105567
8.46666666666667	132.554837870015
8.47083333333333	133.205131442675
8.475	131.408562173983
8.47916666666667	130.03025919477
8.48333333333333	131.74130348353
8.4875	132.146790373994
8.49166666666667	133.140052916007
8.49583333333333	133.525913336482
8.5	133.388551743958
8.50416666666667	132.169210462726
8.50833333333333	132.6267257973
8.5125	132.901340326248
8.51666666666667	133.070819498756
8.52083333333333	133.272979225008
8.525	132.972923095558
8.52916666666667	131.867852458778
8.53333333333333	130.897706807836
8.5375	130.938428259771
8.54166666666667	130.25225019135
8.54583333333333	129.787963785252
8.55	130.851406535053
8.55416666666667	131.604296126271
8.55833333333333	131.833344543657
8.5625	131.292143073064
8.56666666666667	132.119721884464
8.57083333333333	131.186042431317
8.575	131.02042362138
8.57916666666667	130.824784778545
8.58333333333333	131.665177145376
8.5875	130.123319987561
8.59166666666667	130.937935153648
8.59583333333333	130.384458819129
8.6	130.281742522833
8.60416666666667	130.876010980578
8.60833333333333	131.931011720862
8.6125	132.747933347504
8.61666666666667	133.582133594011
8.62083333333333	135.403905569322
8.625	135.984111739775
8.62916666666667	136.258864953441
8.63333333333333	135.282213688908
8.6375	135.229047402718
8.64166666666667	134.934868808651
8.64583333333333	133.520592384062
8.65	133.876689614296
8.65416666666667	135.623437301826
8.65833333333333	136.338135002104
8.6625	135.549607818473
8.66666666666667	136.082267250031
8.67083333333333	135.093272116265
8.675	134.575654109603
8.67916666666667	134.426355117977
8.68333333333333	134.435614615978
8.6875	134.847803928243
8.69166666666667	133.956947120369
8.69583333333333	133.682437024042
8.7	134.482044018878
8.70416666666667	132.600724284797
8.70833333333333	130.989344639384
8.7125	131.069978525218
8.71666666666667	130.312216022743
8.72083333333333	131.381439581071
8.725	130.74764295776
8.72916666666667	132.310345797911
8.73333333333333	131.542711879284
8.7375	130.487832926693
8.74166666666667	129.659350753553
8.74583333333333	128.519792682478
8.75	127.722352976317
8.75416666666667	129.50268651983
8.75833333333333	131.565189436668
8.7625	132.045863732476
8.76666666666667	132.418270849227
8.77083333333333	132.667225983673
8.775	131.728889271673
8.77916666666667	131.242778501222
8.78333333333333	132.768716767857
8.7875	133.378655953865
8.79166666666667	131.666552962493
8.79583333333333	132.337485541608
8.8	133.547751849611
8.80416666666667	134.365049708332
8.80833333333333	133.904085010439
8.8125	134.299761979767
8.81666666666667	135.488482825782
8.82083333333333	136.046416017408
8.825	135.055118433086
8.82916666666667	134.585004244426
8.83333333333333	133.504343028962
8.8375	134.013178194861
8.84166666666667	135.926693867174
8.84583333333333	135.100385281884
8.85	135.434970641017
8.85416666666667	134.398834102293
8.85833333333333	134.004093086853
8.8625	133.464319091802
8.86666666666667	134.563817253402
8.87083333333333	133.570049630034
8.875	133.016273084232
8.87916666666667	134.856856328881
8.88333333333333	136.221178124768
8.8875	136.865264056058
8.89166666666667	136.882598695423
8.89583333333333	137.659747552185
8.9	137.625032163213
8.90416666666667	136.825353347042
8.90833333333333	137.027663417966
8.9125	136.316860645955
8.91666666666667	136.953538427864
8.92083333333333	136.34731498364
8.925	135.026575523067
8.92916666666667	135.514715979435
8.93333333333333	134.834900976698
8.9375	134.353813589486
8.94166666666667	134.403778037557
8.94583333333333	133.25261380383
8.95	131.922730695681
8.95416666666667	131.580203896418
8.95833333333333	131.581916162322
8.9625	132.878816869735
8.96666666666667	132.979121157623
8.97083333333333	133.188553666285
8.975	132.710954680106
8.97916666666667	134.092138774636
8.98333333333333	133.75471459129
8.9875	133.57779296451
8.99166666666667	133.812886603627
8.99583333333333	133.835584683069
9	134.383491117675
9.00416666666667	135.546511102723
9.00833333333333	135.86822872476
9.0125	135.023619741074
9.01666666666667	134.677759309915
9.02083333333333	134.119788946169
9.025	133.2252093673
9.02916666666667	132.616614154107
9.03333333333333	131.683643166081
9.0375	131.862229845867
9.04166666666667	132.758268635334
9.04583333333333	134.464402434819
9.05	136.373105796356
9.05416666666667	136.905625010719
9.05833333333333	135.725646635773
9.0625	135.197970141969
9.06666666666667	134.705444036421
9.07083333333333	133.196190679659
9.075	134.887814495892
9.07916666666667	134.387041462822
9.08333333333333	133.552137624531
9.0875	133.860370853915
9.09166666666667	134.398184659116
9.09583333333333	132.852053207482
9.1	134.257629443265
9.10416666666667	133.324439372047
9.10833333333333	135.248936681044
9.1125	135.293983254583
9.11666666666667	136.660026862326
9.12083333333333	136.407637594421
9.125	137.904011217685
9.12916666666667	136.050869185835
9.13333333333333	133.947203756631
9.1375	133.10507778374
9.14166666666667	132.439683906787
9.14583333333333	133.875896751685
9.15	133.794367330511
9.15416666666667	134.613925180112
9.15833333333333	133.86800935127
9.1625	134.207275242968
9.16666666666667	134.009976456266
9.17083333333333	134.980489218876
9.175	134.908203326864
9.17916666666667	135.571997663958
9.18333333333333	135.304284115903
9.1875	134.78656562702
9.19166666666667	135.286727582339
9.19583333333333	135.158610236941
9.2	134.777261590811
9.20416666666667	133.301779936053
9.20833333333333	132.590902444863
9.2125	131.80896129323
9.21666666666667	132.103343280643
9.22083333333333	132.542555579712
9.225	132.775903145544
9.22916666666667	131.1768581922
9.23333333333333	130.613436975784
9.2375	131.688881639338
9.24166666666667	132.547765469558
9.24583333333333	132.575151231955
9.25	131.611766547658
9.25416666666667	131.523428363276
9.25833333333333	131.158923837135
9.2625	131.992258773849
9.26666666666667	133.121702319763
9.27083333333333	133.739993423992
9.275	133.49826582524
9.27916666666667	133.342925034363
9.28333333333333	134.110018581988
9.2875	135.158505097774
9.29166666666667	136.653625980519
9.29583333333333	136.82498534418
9.3	137.72334819901
9.30416666666667	137.065785632672
9.30833333333333	135.781655844265
9.3125	136.9572494021
9.31666666666667	137.001205262693
9.32083333333333	136.897215924313
9.325	135.996803344538
9.32916666666667	136.188865950465
9.33333333333333	136.522237657699
9.3375	135.902704722794
9.34166666666667	136.438114411296
9.34583333333333	135.697641282314
9.35	134.843714337481
9.35416666666667	136.91807077037
9.35833333333333	137.407469062787
9.3625	137.819959364288
9.36666666666667	136.537672040091
9.37083333333333	135.921990056431
9.375	136.235924628782
9.37916666666667	136.515756079311
9.38333333333333	135.733065464312
9.3875	134.864324807276
9.39166666666667	134.182805951488
9.39583333333333	133.164436459552
9.4	132.648832248177
9.40416666666667	131.130080141073
9.40833333333333	132.299678091658
9.4125	131.760526414326
9.41666666666667	131.472119008615
9.42083333333333	132.15789514906
9.425	131.403058264028
9.42916666666667	132.596383525473
9.43333333333333	131.408698341504
9.4375	131.468827441539
9.44166666666667	132.100681912387
9.44583333333333	132.482353142224
9.45	133.613301112861
9.45416666666667	134.229629206059
9.45833333333333	134.143967056252
9.4625	134.280433999278
9.46666666666667	134.347571671368
9.47083333333333	134.400062928101
9.475	133.313112036957
9.47916666666667	133.041031065145
9.48333333333333	134.183023325213
9.4875	133.19781879927
9.49166666666667	133.691825855034
9.49583333333333	134.453408827096
9.5	134.378389176095
9.50416666666667	134.374870366316
9.50833333333333	136.61975983711
9.5125	136.43636255084
9.51666666666667	135.605355434211
9.52083333333333	135.366184094852
9.525	133.771963568958
9.52916666666667	133.783438186639
9.53333333333333	135.00438678944
9.5375	134.216559479186
9.54166666666667	133.390619379393
9.54583333333333	133.263348421153
9.55	134.046214355756
9.55416666666667	133.679565894879
9.55833333333333	133.867102103521
9.5625	133.39857449815
9.56666666666667	133.310188199957
9.57083333333333	133.992583239514
9.575	134.505587660349
9.57916666666667	134.954415657457
9.58333333333333	133.248683298462
9.5875	134.25935512566
9.59166666666667	134.201057128776
9.59583333333333	134.483389391185
9.6	134.825978179913
9.60416666666667	133.040828106017
9.60833333333333	133.373067617708
9.6125	133.443469238452
9.61666666666667	133.305481977378
9.62083333333333	133.791553208439
9.625	132.237728613692
9.62916666666667	133.754382023817
9.63333333333333	133.68872021947
9.6375	132.022060991775
9.64166666666667	132.242540709375
9.64583333333333	132.140781872176
9.65	133.094116510481
9.65416666666667	134.026852122722
9.65833333333333	134.596427598871
9.6625	133.255899893116
9.66666666666667	132.867542269109
9.67083333333333	132.973119114156
9.675	132.076601738423
9.67916666666667	131.572990878705
9.68333333333333	132.633820103708
9.6875	132.019214454446
9.69166666666667	132.343297988091
9.69583333333333	133.177819230636
9.7	132.616047738126
9.70416666666667	132.742564731599
9.70833333333333	132.975275707389
9.7125	132.118884909675
9.71666666666667	132.90184972041
9.72083333333333	133.525145539326
9.725	133.873063324292
9.72916666666667	133.976018598164
9.73333333333333	135.3215524367
9.7375	135.441097961032
9.74166666666667	136.449149026186
9.74583333333333	134.91799170914
9.75	136.465929667496
9.75416666666667	136.084734822953
9.75833333333333	135.392257822488
9.7625	133.732636683221
9.76666666666667	134.082847595674
9.77083333333333	133.493195880507
9.775	131.91460716447
9.77916666666667	132.503624609646
9.78333333333333	130.997288475683
9.7875	131.025245788201
9.79166666666667	130.680531623421
9.79583333333333	129.074559864497
9.8	129.074505963458
9.80416666666667	128.790588967834
9.80833333333333	129.416522697096
9.8125	129.770544815889
9.81666666666667	128.933409506565
9.82083333333333	129.574759252618
9.825	129.296582257799
9.82916666666667	128.250634725131
9.83333333333333	127.909920626641
9.8375	126.849808028459
9.84166666666667	128.022373375855
9.84583333333333	129.9999335226
9.85	130.535033487976
9.85416666666667	130.744941200611
9.85833333333333	131.503832326756
9.8625	130.502464876008
9.86666666666667	131.964091754769
9.87083333333333	133.320601218662
9.875	132.649844487842
9.87916666666667	133.055640885736
9.88333333333333	132.375306924963
9.8875	132.891369779046
9.89166666666667	133.87161754513
9.89583333333333	133.104526138032
9.9	133.600002227754
9.90416666666667	133.526686580967
9.90833333333333	133.295973989535
9.9125	132.195262079929
9.91666666666667	132.128313589141
9.92083333333333	133.275198819137
9.925	135.405353113244
9.92916666666667	135.611687940962
9.93333333333333	134.165724888005
9.9375	134.309626931932
9.94166666666667	134.765139493438
9.94583333333333	136.054007108858
9.95	134.673245067803
9.95416666666667	134.079688442129
9.95833333333333	133.274091386323
9.9625	133.248642039803
9.96666666666667	132.563300427359
9.97083333333333	131.714632956382
9.975	131.30290662068
9.97916666666667	130.901966990504
9.98333333333333	130.104904091847
9.9875	130.356829041666
9.99166666666667	130.06055492582
9.99583333333333	130.847571500748
10	129.496152404136
10.0041666666667	129.011426409502
10.0083333333333	129.869290027065
10.0125	132.134263303898
10.0166666666667	132.790820688585
10.0208333333333	132.638663192316
10.025	131.681740954838
10.0291666666667	132.238531222971
10.0333333333333	132.660038504216
10.0375	132.056031547842
10.0416666666667	130.260931921344
10.0458333333333	130.282403613007
10.05	131.095631293486
10.0541666666667	131.561519584472
10.0583333333333	131.478264021525
10.0625	130.77874184846
10.0666666666667	129.872625967711
10.0708333333333	131.597005148021
10.075	131.907360477437
10.0791666666667	131.912023527731
10.0833333333333	130.866525152331
10.0875	132.135515220508
10.0916666666667	131.882430464524
10.0958333333333	132.513044324166
10.1	132.136146683291
10.1041666666667	132.938898368226
10.1083333333333	133.309566575233
10.1125	131.750927819185
10.1166666666667	131.088964338111
10.1208333333333	131.198429982213
10.125	132.769754036977
10.1291666666667	133.335004191253
10.1333333333333	135.03533742362
10.1375	133.887304071564
10.1416666666667	134.123947397856
10.1458333333333	133.735020279754
10.15	134.710473642675
10.1541666666667	135.891896637192
10.1583333333333	136.090872774708
10.1625	134.134547668739
10.1666666666667	134.440882665563
10.1708333333333	133.83568449612
10.175	132.97370461714
10.1791666666667	133.311939781023
10.1833333333333	133.66745110444
10.1875	134.268670641341
10.1916666666667	133.75877064972
10.1958333333333	135.279172192936
10.2	134.278629543404
10.2041666666667	132.793139086635
10.2083333333333	132.800598463305
10.2125	133.428822306504
10.2166666666667	132.464105408044
10.2208333333333	131.665789519676
10.225	131.685338728457
10.2291666666667	132.585471957317
10.2333333333333	133.360138991012
10.2375	133.552458064268
10.2416666666667	134.754845621883
10.2458333333333	135.985780224011
10.25	136.624311428727
10.2541666666667	137.303461668107
10.2583333333333	135.645520070191
10.2625	134.68799416305
10.2666666666667	135.157080785523
10.2708333333333	134.593971663657
10.275	135.438090898572
10.2791666666667	134.780167476401
10.2833333333333	135.05047197774
10.2875	134.679766793647
10.2916666666667	134.391031453713
10.2958333333333	133.39362844898
10.3	132.696358671601
10.3041666666667	134.166454558999
10.3083333333333	135.023041297197
10.3125	136.178588543408
10.3166666666667	135.984765615935
10.3208333333333	135.491477580203
10.325	135.09088442516
10.3291666666667	135.03353991174
10.3333333333333	133.947400638854
10.3375	133.047242076426
10.3416666666667	131.618007807821
10.3458333333333	131.823036917058
10.35	131.569068567315
10.3541666666667	130.943525385483
10.3583333333333	131.101675526202
10.3625	130.848647260348
10.3666666666667	130.517348077844
10.3708333333333	129.704947988746
10.375	129.696014106053
10.3791666666667	130.045909425882
10.3833333333333	132.318775600334
10.3875	133.784716877689
10.3916666666667	133.508723077616
10.3958333333333	133.545744612938
10.4	133.800509572814
10.4041666666667	134.480827788816
10.4083333333333	135.326137457586
10.4125	133.354859848677
10.4166666666667	132.28712720987
10.4208333333333	132.846850696274
10.425	133.418973314908
10.4291666666667	132.72015150032
10.4333333333333	134.29512615679
10.4375	134.539597180224
10.4416666666667	133.079099563334
10.4458333333333	132.869228464968
10.45	133.990519310639
10.4541666666667	133.649907768373
10.4583333333333	133.937416457394
10.4625	133.584706729857
10.4666666666667	131.624879036788
10.4708333333333	131.654942764485
10.475	132.683909989278
10.4791666666667	131.769878908342
10.4833333333333	129.45327420554
10.4875	130.470507724524
10.4916666666667	131.722883078173
10.4958333333333	133.064566257594
10.5	132.915343744494
10.5041666666667	131.552198752509
10.5083333333333	131.79404432643
10.5125	130.954399372873
10.5166666666667	131.010792964547
10.5208333333333	131.176318125916
10.525	133.314860926354
10.5291666666667	133.267085459384
10.5333333333333	133.100245632961
10.5375	132.994744459141
10.5416666666667	133.293800800007
10.5458333333333	134.251337506939
10.55	135.713217496157
10.5541666666667	134.874345511859
10.5583333333333	134.86105650267
10.5625	135.01278875271
10.5666666666667	135.896556640875
10.5708333333333	135.215378240558
10.575	135.463345259946
10.5791666666667	134.761752653595
10.5833333333333	134.147844319966
10.5875	133.785887967597
10.5916666666667	133.908207501668
10.5958333333333	134.489375337814
10.6	134.632951147245
10.6041666666667	133.060888019564
10.6083333333333	133.038867338466
10.6125	133.497132011613
10.6166666666667	135.075067078684
10.6208333333333	135.027557455548
10.625	133.676545918884
10.6291666666667	134.376623503311
10.6333333333333	133.124250534875
10.6375	133.396482593855
10.6416666666667	132.519942652227
10.6458333333333	134.055536031969
10.65	133.515049925584
10.6541666666667	132.398529110835
10.6583333333333	131.554090447669
10.6625	131.522623197214
10.6666666666667	133.245385881353
10.6708333333333	134.327024812178
10.675	134.237210905684
10.6791666666667	134.254340211233
10.6833333333333	133.165952882958
10.6875	132.940640586612
10.6916666666667	133.564380053536
10.6958333333333	133.180690126748
10.7	132.929914514619
10.7041666666667	132.67397192973
10.7083333333333	132.604954638284
10.7125	131.757652700974
10.7166666666667	132.950176818996
10.7208333333333	134.215582004002
10.725	134.273767203527
10.7291666666667	134.471132769903
10.7333333333333	135.960544280358
10.7375	135.004912133923
10.7416666666667	136.710509515965
10.7458333333333	136.335362978094
10.75	136.519504724723
10.7541666666667	136.183959371562
10.7583333333333	137.193925517167
10.7625	136.846968402756
10.7666666666667	137.192517039323
10.7708333333333	135.869358859642
10.775	136.157887850856
10.7791666666667	136.355714432886
10.7833333333333	136.820909616544
10.7875	135.806537338229
10.7916666666667	134.641911688847
10.7958333333333	133.423473063179
10.8	134.480981935494
10.8041666666667	134.08308884268
10.8083333333333	133.683691575494
10.8125	133.87688576364
10.8166666666667	134.02408108888
10.8208333333333	134.359217389248
10.825	134.033249579699
10.8291666666667	134.662604266571
10.8333333333333	134.82590209568
10.8375	135.083107203509
10.8416666666667	135.212115660354
10.8458333333333	134.010847371088
10.85	134.27309445006
10.8541666666667	133.400426994524
10.8583333333333	133.347984573386
10.8625	133.297589178817
10.8666666666667	135.110402074512
10.8708333333333	134.087164576497
10.875	132.971021475638
10.8791666666667	130.971208920669
10.8833333333333	130.023874071319
10.8875	130.489723329938
10.8916666666667	131.370802509399
10.8958333333333	132.252673250603
10.9	132.399631346689
10.9041666666667	132.77110339158
10.9083333333333	131.599594500839
10.9125	131.881343793467
10.9166666666667	132.618713332645
10.9208333333333	132.251455557946
10.925	134.662171063203
10.9291666666667	135.808343240398
10.9333333333333	135.667900233378
10.9375	134.899004608631
10.9416666666667	133.585159429681
10.9458333333333	133.340631816767
10.95	134.565252071497
10.9541666666667	135.456221967609
10.9583333333333	136.104379224169
10.9625	138.372657943694
10.9666666666667	139.132593979629
10.9708333333333	139.352876247256
10.975	139.320720275657
10.9791666666667	138.520118212586
10.9833333333333	138.039451132741
10.9875	138.205353549302
10.9916666666667	137.189746951912
10.9958333333333	137.590233675112
11	137.115529761697
11.0041666666667	137.766891669276
11.0083333333333	137.953463342845
11.0125	137.742142561043
11.0166666666667	138.8439507136
11.0208333333333	139.145683989265
11.025	138.470727705925
11.0291666666667	138.867991670056
11.0333333333333	138.981626341413
11.0375	138.735079950935
11.0416666666667	138.816623307354
11.0458333333333	138.551461270946
11.05	138.66366940698
11.0541666666667	136.016319644913
11.0583333333333	136.191026824846
11.0625	135.874375104672
11.0666666666667	135.48862808596
11.0708333333333	134.186648074352
11.075	134.22294437895
11.0791666666667	133.376202702742
11.0833333333333	132.075877965222
11.0875	132.100013721705
11.0916666666667	132.040037774689
11.0958333333333	133.598736219872
11.1	134.094438742643
11.1041666666667	134.634248750195
11.1083333333333	133.426639795847
11.1125	131.42248300131
11.1166666666667	132.279844502826
11.1208333333333	131.866652382729
11.125	132.170308106514
11.1291666666667	133.79446704809
11.1333333333333	133.476979086015
11.1375	133.743904421686
11.1416666666667	132.16722047232
11.1458333333333	133.133220675814
11.15	133.0210320605
11.1541666666667	132.828110797748
11.1583333333333	132.452919031688
11.1625	133.888631216103
11.1666666666667	134.777938605647
11.1708333333333	133.743757751046
11.175	132.754028965554
11.1791666666667	135.204201720431
11.1833333333333	137.154449468534
11.1875	137.1289778076
11.1916666666667	138.070921742532
11.1958333333333	139.46386778477
11.2	139.795417659614
11.2041666666667	140.050520418863
11.2083333333333	140.384264411685
11.2125	140.199003995363
11.2166666666667	140.812855350625
11.2208333333333	140.190176323696
11.225	139.907904786748
11.2291666666667	140.416464916691
11.2333333333333	139.981334966558
11.2375	138.840051966681
11.2416666666667	138.916157735553
11.2458333333333	138.176723149387
11.25	137.969312885722
11.2541666666667	137.517021655888
11.2583333333333	137.136527143712
11.2625	137.474899676592
11.2666666666667	138.648769128772
11.2708333333333	137.036543875879
11.275	136.810828130734
11.2791666666667	136.483206509351
11.2833333333333	135.139779981089
11.2875	134.566936976284
11.2916666666667	133.960127353002
11.2958333333333	132.478689867503
11.3	131.724234241347
11.3041666666667	132.214163928275
11.3083333333333	132.399993819841
11.3125	133.075396518174
11.3166666666667	132.146451315507
11.3208333333333	130.915383586954
11.325	132.663879739679
11.3291666666667	132.854520662846
11.3333333333333	134.184169842904
11.3375	133.47875759757
11.3416666666667	134.600507782687
11.3458333333333	135.67850972061
11.35	137.357258814468
11.3541666666667	136.10374683736
11.3583333333333	133.689458673633
11.3625	134.460924554727
11.3666666666667	133.202671790661
11.3708333333333	133.599818067015
11.375	133.787162432312
11.3791666666667	132.934825183211
11.3833333333333	132.281999242969
11.3875	133.526699877858
11.3916666666667	134.471267030083
11.3958333333333	135.547667744268
11.4	136.816996828428
11.4041666666667	137.75626080471
11.4083333333333	138.404591369352
11.4125	139.780194950302
11.4166666666667	139.930750415936
11.4208333333333	141.08079230748
11.425	141.680804602954
11.4291666666667	141.731494503013
11.4333333333333	140.814825140528
11.4375	140.703114874844
11.4416666666667	138.552165271538
11.4458333333333	138.028442458556
11.45	138.708187356752
11.4541666666667	137.002125213096
11.4583333333333	134.717939748892
11.4625	134.322125400836
11.4666666666667	133.666273639105
11.4708333333333	133.079920832854
11.475	131.878563104103
11.4791666666667	132.217025155236
11.4833333333333	131.874980420449
11.4875	132.183286866579
11.4916666666667	132.294849938071
11.4958333333333	131.611005762525
11.5	130.825027510739
11.5041666666667	130.131393441967
11.5083333333333	130.613823417514
11.5125	131.177276269568
11.5166666666667	131.945307799136
11.5208333333333	132.168953330289
11.525	131.53435500812
11.5291666666667	133.104900630233
11.5333333333333	131.774500683009
11.5375	130.99281227459
11.5416666666667	131.340393659063
11.5458333333333	132.646197813363
11.55	132.475100455379
11.5541666666667	131.792845091669
11.5583333333333	131.653281263483
11.5625	130.004565645341