-0.9926	135.135135135135
-0.9852	135.135135135135
-0.9778	135.135135135135
-0.9704	135.135135135135
-0.963	135.135135135135
-0.9556	135.135135135135
-0.9482	135.135135135135
-0.9408	135.135135135135
-0.9334	135.135135135135
-0.926	135.135135135135
-0.9186	135.135135135135
-0.9112	135.135135135135
-0.9038	135.135135135135
-0.8964	135.135135135135
-0.889	135.135135135135
-0.8816	135.135135135135
-0.8742	135.135135135135
-0.8668	135.135135135135
-0.8594	135.135135135135
-0.852	135.135135135135
-0.8446	135.135135135135
-0.8372	135.135135135135
-0.8298	135.135135135135
-0.8224	135.135135135135
-0.815	135.135135135135
-0.8076	135.135135135135
-0.8002	135.135135135135
-0.7928	135.135135135135
-0.7854	135.135135135135
-0.778	135.135135135135
-0.7706	135.135135135135
-0.7632	135.135135135135
-0.7558	135.135135135135
-0.7484	135.135135135135
-0.741	135.135135135135
-0.7336	135.135135135135
-0.7262	135.135135135135
-0.7188	135.135135135135
-0.7114	135.135135135135
-0.704	135.135135135135
-0.6966	135.135135135135
-0.6892	135.135135135135
-0.6818	135.135135135135
-0.6744	135.135135135135
-0.667	135.135135135135
-0.6596	135.135135135135
-0.6522	135.135135135135
-0.6448	135.135135135135
-0.6374	135.135135135135
-0.63	135.135135135135
-0.6236	156.25
-0.6172	156.25
-0.6108	156.25
-0.6044	156.25
-0.598	156.25
-0.591366666666667	150.552527180883
-0.584533333333333	146.375539462719
-0.577533333333333	143.310388306317
-0.570466666666667	141.051516946044
-0.5633	139.394158010584
-0.556033333333333	138.161218739143
-0.548766666666667	137.237100125831
-0.541433333333333	136.542563167002
-0.5341	136.007576519041
-0.5267	135.587660316868
-0.5193	135.246599397242
-0.5119	134.962778447346
-0.504466666666667	134.717310371039
-0.497033333333333	134.468008551936
-0.4896	134.24470565998
-0.482133333333333	134.039654776575
-0.474666666666667	133.84794610528
-0.4672	133.667016704037
-0.4597	133.494360521268
-0.4522	133.328899103616
-0.444666666666667	133.170696509723
-0.437166666666667	133.019416541165
-0.429633333333333	132.8749069193
-0.4221	132.736942819468
-0.414566666666667	132.606157840264
-0.407	132.483020528817
-0.399466666666667	132.367408879537
-0.3919	132.259620441163
-0.384333333333333	132.15919043538
-0.376766666666667	132.066335585005
-0.3692	131.981360652338
-0.3616	131.903392946632
-0.354033333333333	131.833375025558
-0.346433333333333	131.770570982089
-0.338833333333333	131.714511483394
-0.331233333333333	131.665003582315
-0.323633333333333	131.622200614335
-0.316033333333333	131.585061989546
-0.308433333333333	131.553744077972
-0.300833333333333	131.527938425518
-0.293233333333333	131.50721006436
-0.285633333333333	131.491139969388
-0.278033333333333	131.479336397261
-0.270433333333333	131.471434466019
-0.2628	131.467093568495
-0.2552	131.466945393335
-0.2476	131.469595054943
-0.24	131.474633260881
-0.2324	131.481887260697
-0.2248	131.491832780184
-0.217166666666667	131.503614076934
-0.209566666666667	131.517892424027
-0.201966666666667	131.533279689143
-0.194366666666667	131.549557584323
-0.186766666666667	131.56667165826
-0.179166666666667	131.58520389316
-0.171566666666667	131.604396803538
-0.163966666666667	131.623997603513
-0.156366666666667	131.643913877148
-0.1488	131.664070604723
-0.1412	131.683376392918
-0.1336	131.703014907254
-0.126	131.722955633047
-0.1184	131.743041649165
-0.110833333333333	131.762495945396
-0.103233333333333	131.780861509706
-0.0956666666666667	131.799456962353
-0.0880666666666667	131.817235335224
-0.0804666666666667	131.835269785594
-0.0729	131.852822714762
-0.0653	131.869348629377
-0.0577333333333333	131.885443069874
-0.0501333333333334	131.901149959984
-0.0425666666666667	131.917704674396
-0.035	131.933263993919
-0.0274	131.948370795416
-0.0198333333333333	131.96354275381
-0.0122666666666666	131.978189449395
-0.00466666666666669	131.991709012649
0.00289999999999999	132.005140804175
0.0104666666666667	132.018081724326
0.0180333333333333	132.029949383136
0.0256333333333333	132.040792915357
0.0332	132.052410752793
0.0407666666666666	132.063097717219
0.0483333333333333	132.072737870755
0.0559	132.081517784374
0.0634666666666667	132.09024118624
0.0710333333333333	132.098380605392
0.0786333333333334	132.105879824854
0.0862	132.113801837407
0.0937666666666667	132.121065184518
0.101333333333333	132.127644710083
0.1089	132.133681230405
0.116466666666667	132.139921247898
0.124033333333333	132.145783201634
0.1316	132.151161213618
0.139166666666667	132.156092760221
0.146733333333333	132.160618282809
0.1543	132.164767727529
0.161866666666667	132.168558739601
0.169433333333333	132.171997835779
0.177	132.175081495308
0.184566666666667	132.177796504852
0.192133333333333	132.180120131565
0.1997	132.182019746057
0.207266666666667	132.183452120098
0.214833333333333	132.184362203468
0.2224	132.184681521408
0.229933333333333	132.184326192569
0.2375	132.182259749987
0.245066666666667	132.179442141789
0.252633333333333	132.175855237369
0.2602	132.171230799996
0.267766666666667	132.164652110593
0.275333333333333	132.156471192317
0.2829	132.146507900014
0.290466666666667	132.134377279065
0.298033333333333	132.119618840404
0.305633333333333	132.101698776506
0.3132	132.080852470737
0.320766666666667	132.055437736999
0.328333333333333	132.024408698009
0.3359	131.986893624307
0.3435	131.942483974587
0.351066666666667	131.890004995478
0.358666666666667	131.827213048968
0.366266666666667	131.752739405489
0.373833333333333	131.664469461215
0.381433333333333	131.560203333919
0.389066666666667	131.437139144484
0.396666666666667	131.294097831788
0.4043	131.128358278071
0.411933333333333	130.935556635514
0.4196	130.713181470909
0.427266666666667	130.458133692237
0.434933333333333	130.166432634346
0.442633333333333	129.834587859839
0.450366666666667	129.458320423214
0.4581	129.034457429751
0.4659	128.559982023918
0.4737	128.028438954577
0.481533333333333	127.440196477489
0.489433333333333	126.790194288758
0.497366666666667	126.073441833843
0.505333333333333	125.29024512523
0.513366666666667	124.438240254646
0.521466666666667	123.513872612618
0.529633333333333	122.517612934634
0.537866666666667	121.449990388525
0.5462	120.312562210485
0.554566666666667	119.10553036081
0.563066666666667	117.842322896385
0.571666666666667	116.51678289044
0.580333333333333	115.142280112715
0.589133333333333	113.734886644683
0.598033333333333	112.296641134896
0.607066666666667	110.848616732492
0.6162	109.404627183075
0.625466666666667	107.987486675953
0.634833333333333	106.615795474419
0.644333333333333	105.316575668265
0.653933333333333	104.1122280343
0.663633333333333	103.051466019401
0.673433333333333	102.137131997218
0.6833	101.397431607762
0.6932	100.859609838239
0.703166666666667	100.54833355693
0.7131	100.487262086272
0.723033333333333	100.691036524043
0.732933333333333	101.167587656101
0.742733333333333	101.919597970353
0.752433333333333	102.932079602236
0.762033333333333	104.189898831249
0.7715	105.669039466391
0.780833333333333	107.305412264976
0.79	109.08938978977
0.799	110.96853914448
0.807866666666667	112.898064087743
0.816566666666667	114.842538789482
0.825133333333333	116.754406212049
0.833566666666667	118.606668527046
0.841866666666667	120.370445875445
0.850066666666667	122.023891360282
0.858166666666667	123.557467928203
0.866166666666667	124.960279460724
0.8741	126.226763586765
0.881933333333333	127.360968984337
0.889733333333333	128.36018664088
0.897466666666667	129.237414150326
0.905166666666667	129.995100771608
0.9128	130.644720084997
0.920433333333333	131.191072130874
0.928033333333333	131.648267763355
0.9356	132.02285485041
0.943166666666667	132.323685507885
0.9507	132.560610568441
0.958233333333333	132.740287332794
0.965766666666667	132.871485206767
0.9733	132.960773833579
0.9808	133.014558660387
0.988333333333333	133.037110365986
0.995833333333333	133.034867052778
1.00336666666667	133.011597732301
1.01086666666667	132.972159740256
1.0184	132.918880287152
1.02593333333333	132.855958389142
1.03346666666667	132.785698140468
1.041	132.710780168517
1.04853333333333	132.632420224993
1.05606666666667	132.552713601888
1.06363333333333	132.472986712095
1.07116666666667	132.394881263466
1.07873333333333	132.318766006235
1.0863	132.245044261267
1.09386666666667	132.17447470853
1.10143333333333	132.107949242452
1.109	132.045119467375
1.1166	131.986670659728
1.12416666666667	131.933521680037
1.13173333333333	131.884978363862
1.13933333333333	131.84059843503
1.14693333333333	131.801164972611
1.1545	131.766858217034
1.1621	131.735779675462
1.1697	131.708386614751
1.1773	131.685432817139
1.18486666666667	131.666706002468
1.19246666666667	131.650329505612
1.20006666666667	131.6375955458
1.20766666666667	131.628558640344
1.21526666666667	131.622844410431
1.22286666666667	131.619461226709
1.23046666666667	131.618758184398
1.23806666666667	131.620618015398
1.24566666666667	131.624787365554
1.25326666666667	131.631018101931
1.26086666666667	131.639080464528
1.26843333333333	131.648763934953
1.27603333333333	131.658887937916
1.28363333333333	131.67045851478
1.29123333333333	131.683390218199
1.29883333333333	131.697438463396
1.3064	131.711748926239
1.314	131.725801874454
1.3216	131.740819366244
1.3292	131.75672604399
1.33676666666667	131.773291289398
1.34436666666667	131.788668585838
1.35196666666667	131.804587862071
1.35953333333333	131.821133145983
1.36713333333333	131.837087659816
1.3747	131.852859576477
1.3823	131.868006784176
1.38986666666667	131.883704221289
1.39746666666667	131.898192913985
1.40503333333333	131.913578726237
1.4126	131.928286143474
1.4202	131.94286026957
1.42776666666667	131.957788156551
1.43533333333333	131.972425610478
1.44293333333333	131.986126974037
1.4505	131.999895702777
1.45806666666667	132.013287794236
1.46566666666667	132.025698462876
1.47323333333333	132.03815212327
1.4808	132.050232645893
1.48836666666667	132.061342726645
1.49593333333333	132.071518534275
1.5035	132.081552741985
1.5111	132.09092509945
1.51866666666667	132.100571972101
1.52623333333333	132.109400427662
1.5338	132.11741307204
1.54136666666667	132.124775714012
1.54893333333333	132.132257683754
1.5565	132.139304531328
1.56406666666667	132.145833510343
1.57163333333333	132.15190695278
1.5792	132.157591564661
1.58676666666667	132.162945204671
1.59433333333333	132.168015714205
1.6019	132.172842546999
1.60946666666667	132.177458552862
1.61703333333333	132.181891251016
1.6246	132.186163983938
1.63216666666667	132.190296721014
1.63973333333333	132.194306669383
1.6473	132.198208628386
1.65486666666667	132.202015385547
1.6624	132.2057380442
1.66996666666667	132.208427854786
1.67753333333333	132.211219003471
1.6851	132.214228378433
1.69266666666667	132.217370517958
1.70023333333333	132.219946064928
1.7078	132.222562651346
1.71536666666667	132.225346519199
1.72293333333333	132.228274584298
1.73046666666667	132.23131434943
1.73803333333333	132.233480554985
1.7456	132.235873204229
1.75316666666667	132.238586869503
1.76073333333333	132.241516214827
1.7683	132.243945205969
1.77586666666667	132.2464687218
1.7834	132.249201805987
1.79096666666667	132.251155440532
1.79853333333333	132.253295552164
1.8061	132.255863514182
1.81366666666667	132.25872835793
1.82123333333333	132.261136808971
1.82876666666667	132.263512752026
1.83633333333333	132.265164627842
1.8439	132.267087498541
1.85146666666667	132.269512060626
1.85903333333333	132.272291379828
1.8666	132.274658283592
1.87413333333333	132.27702756688
1.8817	132.278696865401
1.88926666666667	132.280654940641
1.89683333333333	132.283125930405
1.90436666666667	132.285958498578
1.91193333333333	132.287426290489
1.9195	132.288947834143
1.92706666666667	132.291048844339
1.93463333333333	132.29360670908
1.94216666666667	132.295837130931
1.94973333333333	132.297181751524
1.9573	132.298879086676
1.96486666666667	132.301173469925
1.9724	132.303899616124
1.97996666666667	132.305314190175
1.98753333333333	132.306824383827
1.9951	132.308941878363
2.00263333333333	132.311534636521
2.0102	132.312855895782
2.01776666666667	132.31430463341
2.02533333333333	132.316383866644
2.03286666666667	132.318955254367
2.04043333333333	132.320150715302
2.048	132.321531565198
2.05553333333333	132.323586457152
2.0631	132.325075828132
2.07066666666667	132.326212812116
2.07823333333333	132.327803923186
2.08576666666667	132.329856170946
2.09333333333333	132.33064964569
2.1009	132.33170568598
2.10843333333333	132.333510164123
2.116	132.334672877306
2.12356666666667	132.335704480384
2.1311	132.337272885543
2.13866666666667	132.338387091379
2.14623333333333	132.339271744234
2.1538	132.34059783146
2.16133333333333	132.342515359075
2.1689	132.343158078346
2.17646666666667	132.344171933983
2.184	132.345738890034
2.19156666666667	132.346756056777
2.19913333333333	132.347580558664
2.20666666666667	132.348885796556
2.21423333333333	132.349704223277
2.2218	132.350392025707
2.22933333333333	132.351612953584
2.2369	132.352388140281
2.24446666666667	132.353064089578
2.252	132.354297512261
2.25956666666667	132.355103439227
2.26713333333333	132.355824015065
2.27466666666667	132.357112248395
2.28223333333333	132.357979949945
2.2898	132.358767301902
2.29733333333333	132.360125191154
2.3049	132.361063560012
2.31246666666667	132.361921922076
2.32	132.363349983465
2.32756666666667	132.364356617968
2.3351	132.36528128429
2.34266666666667	132.365819042693
2.35023333333333	132.367050966316
2.35776666666667	132.368307260298
2.36533333333333	132.369082113692
2.3729	132.369842453335
2.38043333333333	132.37123575347
2.388	132.372257490888
2.39556666666667	132.373234149024
2.4031	132.37480443117
2.41066666666667	132.37596798867
2.4182	132.377058953481
2.42576666666667	132.377766102143
2.43333333333333	132.379168148518
2.44086666666667	132.380591342118
2.44843333333333	132.38152703222
2.456	132.382441557122
2.46353333333333	132.383980596936
2.4711	132.385137974736
2.47863333333333	132.386240557798
2.4862	132.386971247654
2.49376666666667	132.388404651385
2.5013	132.389863370958
2.50886666666667	132.390836212536
2.5164	132.391787929676
2.52396666666667	132.392408099365
2.53153333333333	132.393763955093
2.53906666666667	132.395170539051
2.54663333333333	132.396110333118
2.55416666666667	132.397042874447
2.56173333333333	132.397654073337
2.5693	132.399008288143
2.57683333333333	132.400418334849
2.5844	132.4013650209
2.59193333333333	132.402306491768
2.5995	132.402927517198
2.60703333333333	132.404291754451
2.6146	132.404756923663
2.62216666666667	132.405876509808
2.6297	132.407099462931
2.63726666666667	132.407909628535
2.6448	132.40875540419
2.65236666666667	132.409312881404
2.6599	132.410637571077
2.66746666666667	132.411081294926
2.67503333333333	132.412192850238
2.68256666666667	132.413417591239
2.69013333333333	132.41423662244
2.69766666666667	132.415096218679
2.70523333333333	132.415670610982
2.71276666666667	132.417014106905
2.72033333333333	132.417477136092
2.7279	132.418608020959
2.73543333333333	132.419851292537
2.743	132.420687559475
2.75053333333333	132.421562823293
2.7581	132.422150956046
2.76563333333333	132.423506237185
2.7732	132.423978722098
2.78073333333333	132.425116906755
2.7883	132.425411117544
2.79583333333333	132.426413903572
2.8034	132.426610082265
2.81096666666667	132.427543452248
2.8185	132.428646317782
2.82606666666667	132.42938654578
2.8336	132.430198714129
2.84116666666667	132.430749244181
2.8487	132.432085911114
2.85626666666667	132.432553904736
2.8638	132.433698138497
2.87136666666667	132.434005636387
2.8789	132.435026857915
2.88646666666667	132.435244291036
2.894	132.436200662627
2.90156666666667	132.436373101873
2.9091	132.437299578018
2.91666666666667	132.437453895115
2.9242	132.438371309607
2.93176666666667	132.438523614669
2.9393	132.439444512238
2.94686666666667	132.439604341638
2.95443333333333	132.440535827864
2.96196666666667	132.441662166946
2.96953333333333	132.442444314555
2.97706666666667	132.443311534193
2.98463333333333	132.443925614528
2.99216666666667	132.445331454374
2.99973333333333	132.445870580452
3.00726666666667	132.447086802339
3.01483333333333	132.447464516749
3.02236666666667	132.448553893979
3.02993333333333	132.448835506006
3.03746666666667	132.449852265584
3.04503333333333	132.45007988707
3.05256666666667	132.451056782336
3.06013333333333	132.451255704095
3.06766666666667	132.452655122709
3.07523333333333	132.453757347137
3.08276666666667	132.456009315786
3.09033333333333	132.457746511457
3.09786666666667	132.46040090853
3.10543333333333	132.462331334746
3.11296666666667	132.465007919368
3.1205	132.466823522437
3.12806666666667	132.468314953482
3.1356	132.469982692008
3.14316666666667	132.471356825413
3.1507	132.472747888388
3.15826666666667	132.473075100371
3.1658	132.473959679275
3.17336666666667	132.473821979768
3.1809	132.474128231593
3.18846666666667	132.473283738455
3.196	132.472737148922
3.20356666666667	132.470887780395
3.2111	132.469156381525
3.21866666666667	132.465927415586
3.2262	132.462577262524
3.23373333333333	132.457464664116
3.2413	132.45097665925
3.24883333333333	132.443409501855
3.2564	132.434163450753
3.26396666666667	132.422760349406
3.2715	132.408884745008
3.27906666666667	132.391827080668
3.2866	132.371322847224
3.29416666666667	132.34688638439
3.30173333333333	132.318870397706
3.3093	132.285909642342
3.31683333333333	132.247332597502
3.3244	132.20080701975
3.33196666666667	132.146334284521
3.33953333333333	132.082836199219
3.34713333333333	132.008489905665
3.3547	131.921227851401
3.3623	131.81915371298
3.3699	131.699991659979
3.3775	131.561063244821
3.3851	131.399918632461
3.39273333333333	131.212877761229
3.40036666666667	130.997292533509
3.408	130.75003875477
3.41566666666667	130.467264265961
3.42333333333333	130.14488758676
3.43106666666667	129.780469164197
3.43876666666667	129.368037571797
3.44653333333333	128.907514589669
3.45433333333333	128.391171773692
3.46216666666667	127.817393324727
3.47	127.183633273619
3.47793333333333	126.487982784984
3.48586666666667	125.722022464087
3.49386666666667	124.892361121511
3.50193333333333	123.991490709488
3.51006666666667	123.019101494391
3.51826666666667	121.976714792554
3.52653333333333	120.865230050187
3.5349	119.687806980567
3.54333333333333	118.445897424561
3.55186666666667	117.14945409132
3.56053333333333	115.802814390665
3.56926666666667	114.412178135216
3.5781	112.999022271685
3.58706666666667	111.57254258343
3.59613333333333	110.146282153272
3.60533333333333	108.7436691348
3.61466666666667	107.381369123514
3.6241	106.081962393141
3.63363333333333	104.874301104335
3.64326666666667	103.800788132256
3.65296666666667	102.865982581716
3.66276666666667	102.098192336169
3.67263333333333	101.521238324769
3.6825	101.162749512478
3.6924	101.043047198721
3.7023	101.179917303855
3.71213333333333	101.586582379236
3.7219	102.260905364117
3.7316	103.199295465757
3.74116666666667	104.389354610386
3.75063333333333	105.796308894335
3.75993333333333	107.370889245522
3.7691	109.092385466593
3.77813333333333	110.9249424689
3.787	112.82344098997
3.7957	114.738498470596
3.80426666666667	116.628544086244
3.81273333333333	118.466644706006
3.82103333333333	120.230849091194
3.82923333333333	121.884286206264
3.83733333333333	123.421533455366
3.84536666666667	124.831727660076
3.85326666666667	126.114667544903
3.86113333333333	127.25754697056
3.86893333333333	128.275920444944
3.87666666666667	129.169158089106
3.88436666666667	129.943669812705
3.89203333333333	130.609603443387
3.89966666666667	131.175148580384
3.90723333333333	131.648692985464
3.91483333333333	132.036303958329
3.92236666666667	132.352860083211
3.92993333333333	132.602005890371
3.93743333333333	132.79561655948
3.94496666666667	132.936867580961
3.9525	133.036302438374
3.96	133.098925880144
3.9675	133.129988983722
3.97503333333333	133.13448742416
3.98253333333333	133.118705431667
3.99006666666667	133.085864009976
3.99756666666667	133.039486512961
4.0051	132.982029765971
4.0126	132.917177246605
4.02013333333333	132.845753528343
4.02766666666667	132.770495590281
4.0352	132.692892949559
4.04273333333333	132.61476376159
4.0503	132.53669410928
4.05783333333333	132.460784583942
4.0654	132.387411514607
4.07296666666667	132.317319808365
4.0805	132.250748531252
4.08806666666667	132.187661489665
4.09563333333333	132.128172884646
4.10323333333333	132.073315778499
4.1108	132.023892547253
4.11836666666667	131.978448442835
4.12593333333333	131.937120288477
4.13353333333333	131.899996651852
4.1411	131.868442059827
4.1487	131.840821586135
4.1563	131.817402276673
4.16386666666667	131.797628582224
4.17146666666667	131.780836011996
4.17906666666667	131.76711119981
4.18663333333333	131.756989859309
4.19423333333333	131.749327886773
4.20183333333333	131.744184335654
4.2094	131.742064405893
4.217	131.741802019523
4.2246	131.743523454955
4.23216666666667	131.747712404148
4.23976666666667	131.753191417656
4.24736666666667	131.760149899865
4.25496666666667	131.769066842875
4.26253333333333	131.77976033631
4.27013333333333	131.790303030923
4.2777	131.802288039257
4.2853	131.814727967473
4.2929	131.828539234889
4.30046666666667	131.842888148204
4.30806666666667	131.857123432623
4.31563333333333	131.871728817948
4.32323333333333	131.88621664737
4.3308	131.902150303789
4.33836666666667	131.917746206622
4.34596666666667	131.933502719087
4.35353333333333	131.949874260194
4.36113333333333	131.966176519147
4.3687	131.982751894325
4.37626666666667	131.998337854011
4.38383333333333	132.013625337931
4.39143333333333	132.028137827893
4.399	132.043506108698
4.40656666666667	132.057950740453
4.41413333333333	132.071348171633
4.4217	132.083866857416
4.42926666666667	132.096293374154
4.43683333333333	132.108084455978
4.44443333333333	132.119167807307
4.452	132.130608364816
4.45956666666667	132.141281779444
4.46713333333333	132.151172872455
4.4747	132.160423023282
4.48226666666667	132.169782815181
4.48983333333333	132.178679699865
4.4974	132.187018107321
4.50493333333333	132.194849845159
4.5125	132.201260851154
4.52006666666667	132.207457903363
4.52763333333333	132.213576569757
4.5352	132.219560662934
4.54276666666667	132.224734979509
4.55033333333333	132.22972862123
4.5579	132.234685571844
4.56546666666667	132.239598603566
4.573	132.2444494694
4.58056666666667	132.248259404163
4.58813333333333	132.252153258632
4.5957	132.256229151091
4.60326666666667	132.260391879186
4.61083333333333	132.263934587003
4.61836666666667	132.26746119678
4.62593333333333	132.270135264833
4.6335	132.273058672284
4.64106666666667	132.276308037143
4.64863333333333	132.279763842356
4.65616666666667	132.282699152124
4.66373333333333	132.284744960632
4.6713	132.287133447444
4.67886666666667	132.289941759098
4.68643333333333	132.293036504967
4.69396666666667	132.295676261683
4.70153333333333	132.297481073096
4.7091	132.29955645718
4.71666666666667	132.302136874711
4.7242	132.305071040418
4.73176666666667	132.306630396746
4.73933333333333	132.30822916272
4.7469	132.31039774065
4.75443333333333	132.313014688473
4.762	132.314340862192
4.76956666666667	132.315774639501
4.7771	132.317831638184
4.78466666666667	132.319422367624
4.79223333333333	132.320758926183
4.7998	132.322507800259
4.80733333333333	132.324796265652
4.8149	132.32590246185
4.82246666666667	132.32720913844
4.83	132.329210390513
4.83756666666667	132.330799394811
4.84513333333333	132.33217575578
4.8527	132.333996103163
4.86023333333333	132.336377465282
4.8678	132.337590167655
4.87536666666667	132.339015168417
4.8829	132.341139157986
4.89046666666667	132.342850776862
4.89803333333333	132.344348639064
4.90556666666667	132.34628754825
4.91313333333333	132.347824571845
4.9207	132.34919081778
4.92823333333333	132.351038935343
4.9358	132.352399789189
4.94336666666667	132.353662117457
4.9509	132.355462521021
4.95846666666667	132.356800985705
4.96603333333333	132.35790029893
4.97356666666667	132.359548455568
4.98113333333333	132.360772915432
4.9887	132.361793432072
4.99623333333333	132.363391903136
5.0038	132.364589355556
5.01136666666667	132.36560064821
5.0189	132.367203594846
5.02646666666667	132.368415495982
5.03403333333333	132.36944899099
5.04156666666667	132.370962034858
5.04913333333333	132.372136910295
5.05666666666667	132.373173093512
5.06423333333333	132.37374800256
5.0718	132.374953237517
5.07933333333333	132.376132186138
5.0869	132.376791304488
5.09446666666667	132.377406080002
5.102	132.378632468775
5.10956666666667	132.379473222128
5.1171	132.380258485389
5.12466666666667	132.380678496936
5.13223333333333	132.381808840599
5.13976666666667	132.382976675568
5.14733333333333	132.383674082083
5.1549	132.384365134107
5.16243333333333	132.385696415844
5.17	132.386662244927
5.17753333333333	132.387587444755
5.1851	132.388156152994
5.19266666666667	132.38944118326
5.2002	132.390765510777
5.20776666666667	132.391618141932
5.2153	132.392462250944
5.22286666666667	132.392988003109
5.23043333333333	132.394261294735
5.23796666666667	132.395597110413
5.24553333333333	132.396477851462
5.25306666666667	132.397361882776
5.26063333333333	132.397935172324
5.26816666666667	132.399261152176
5.27573333333333	132.399698112687
5.2833	132.400799142743
5.29083333333333	132.402013148533
5.2984	132.402823870827
5.30593333333333	132.403679187533
5.3135	132.404254867898
5.32106666666667	132.405605989393
5.3286	132.407038194628
5.33616666666667	132.408026700509
5.3437	132.409025329563
5.35126666666667	132.409715111034
5.3588	132.411157424027
5.36636666666667	132.411706755457
5.37393333333333	132.412915637282
5.38146666666667	132.414230859787
5.38903333333333	132.415134894331
5.39656666666667	132.416075586986
5.40413333333333	132.416727594731
5.41166666666667	132.4181464498
5.41923333333333	132.4186824066
5.42676666666667	132.41988481155
5.43433333333333	132.420243826053
5.4419	132.421312607156
5.44943333333333	132.422529461979
5.457	132.423367116564
5.46453333333333	132.424264769946
5.4721	132.424891185762
5.47963333333333	132.426296866813
5.4872	132.426828299015
5.49473333333333	132.428032242692
5.5023	132.428396476117
5.50983333333333	132.429472664101
5.5174	132.42974361578
5.52493333333333	132.430752886916
5.5325	132.430977664105
5.54006666666667	132.431956526954
5.5476	132.43311699344
5.55516666666667	132.433923506713
5.5627	132.434808368465
5.57026666666667	132.435435537736
5.5778	132.43685166908
5.58536666666667	132.437399823389
5.5929	132.438624746052
5.60046666666667	132.439011837351
5.608	132.440111793871
5.61556666666667	132.44040583308
5.6231	132.441437160658
5.63066666666667	132.44168188496
5.6382	132.442678589379
5.64576666666667	132.442900238675
5.6533	132.443882773278
5.66086666666667	132.444097282433
5.6684	132.445078179781
5.67596666666667	132.445295203523
5.6835	132.446281794655
5.69106666666667	132.446506784685
5.6986	132.447503082433
5.70616666666667	132.447738887674
5.7137	132.448746840746
5.72126666666667	132.448994689216
5.7288	132.450014968559
5.73636666666667	132.450275091856
5.7439	132.451307585866
5.75146666666667	132.451579607089
5.759	132.453066157571
5.76656666666667	132.45426696724
5.7741	132.456632626451
5.78166666666667	132.458504384529
5.7892	132.461325631261
5.79676666666667	132.463466242405
5.8043	132.466413263552
5.81186666666667	132.468573934909
5.8194	132.471466907288
5.82696666666667	132.473524039595
5.8345	132.476281317941
5.84206666666667	132.478184840164
5.8496	132.480778905972
5.85713333333333	132.482517523142
5.8647	132.483988254276
5.87223333333333	132.485736224628
5.8798	132.487330371063
5.88733333333333	132.48912145986
5.8949	132.490062714381
5.90243333333333	132.491821559367
5.91	132.492853306412
5.91753333333333	132.494683957847
5.92506666666667	132.495760028449
5.93263333333333	132.496654013487
5.94016666666667	132.497898904319
5.94773333333333	132.499058514572
5.95526666666667	132.500472103751
5.9628	132.501088678238
5.97036666666667	132.501610207633
5.9779	132.502565245508
5.98546666666667	132.503505953575
5.993	132.504755867688
6.00056666666667	132.505253853262
6.0081	132.506649155098
6.01563333333333	132.507386639416
6.0232	132.508022500325
6.03073333333333	132.509074006162
6.0383	132.510094204398
6.04583333333333	132.511410972843
6.05336666666667	132.511965188859
6.06093333333333	132.512448569236
6.06846666666667	132.513376679371
6.076	132.514287093322
6.08356666666667	132.514530094899
6.0911	132.515100428978
6.09866666666667	132.515665467745
6.1062	132.516524291622
6.11373333333333	132.516585887475
6.1213	132.516506040472
6.12883333333333	132.516767113454
6.1364	132.516884930418
6.14393333333333	132.517131416884
6.15146666666667	132.516407461849
6.15903333333333	132.515350874211
6.16656666666667	132.514417690944
6.17413333333333	132.513106379658
6.18166666666667	132.511641662381
6.1892	132.508896522796
6.19676666666667	132.505449621193
6.2043	132.501681946988
6.21186666666667	132.497040777575
6.2194	132.491631138838
6.22693333333333	132.484252040616
6.2345	132.475336249819
6.24203333333333	132.465082518498
6.2496	132.452928749728
6.25713333333333	132.438528931329
6.2647	132.420633238554
6.27226666666667	132.39960845887
6.2798	132.374556007047
6.28736666666667	132.344217456541
6.29493333333333	132.308072542869
6.30246666666667	132.2657795274
6.31003333333333	132.215574147537
6.3176	132.156041156649
6.32516666666667	132.086504740233
6.33276666666667	132.005185941539
6.34033333333333	131.909879468172
6.34793333333333	131.798633650447
6.35553333333333	131.668967885393
6.36313333333333	131.518119724456
6.37073333333333	131.343521752571
6.37836666666667	131.14139223298
6.386	130.908923766374
6.39366666666667	130.642987890628
6.40133333333333	130.339314651366
6.40903333333333	129.994626335649
6.41673333333333	129.604873322004
6.42446666666667	129.167225371545
6.43223333333333	128.677371815525
6.44006666666667	128.131804238518
6.4479	127.525836991585
6.45576666666667	126.859861032115
6.4637	126.128836438843
6.4717	125.328865731709
6.47973333333333	124.458976370509
6.4878	123.520782664136
6.49596666666667	122.513638449255
6.5042	121.432381707973
6.51253333333333	120.283906991383
6.52093333333333	119.068019888322
6.5294	117.794103609253
6.538	116.46898509764
6.5467	115.093331944308
6.5555	113.683880195929
6.5644	112.253749484089
6.57343333333333	110.818499994109
6.58256666666667	109.393333871244
6.59183333333333	108.00233377456
6.6012	106.663831911739
6.61066666666667	105.404411469829
6.62026666666667	104.249058059679
6.62996666666667	103.239463372664
6.63973333333333	102.382218610645
6.64956666666667	101.704675398977
6.65943333333333	101.233639558972
6.66933333333333	100.99360531424
6.67923333333333	101.005146203349
6.6891	101.281918713009
6.69893333333333	101.829332546191
6.70866666666667	102.648109657686
6.7183	103.720673392112
6.72783333333333	105.028511058092
6.73723333333333	106.545063382191
6.74646666666667	108.205375559379
6.75556666666667	109.991518953606
6.7645	111.866536035645
6.7733	113.778864095731
6.78193333333333	115.694007355155
6.79043333333333	117.565865361267
6.7988	119.37025725695
6.80706666666667	121.080945357986
6.81523333333333	122.684739837756
6.82326666666667	124.166081670957
6.83123333333333	125.509932994635
6.83913333333333	126.723290825117
6.84696666666667	127.806700301775
6.85473333333333	128.762915183931
6.86243333333333	129.59629771784
6.8701	130.313973419988
6.87776666666667	130.92759909355
6.88536666666667	131.448130516646
6.89293333333333	131.878801536547
6.9005	132.229895240797
6.90806666666667	132.512030666448
6.9156	132.733785506814
6.9231	132.901049917167
6.93063333333333	133.020152698851
6.93813333333333	133.099929881172
6.94566666666667	133.145142121973
6.95316666666667	133.162670176495
6.96066666666667	133.155916453664
6.96816666666667	133.129956883576
6.9757	133.088154489442
6.9832	133.035149346867
6.99073333333333	132.972613662185
6.99826666666667	132.902864559059
7.0058	132.828286975019
7.01333333333333	132.751185824339
7.02086666666667	132.672461634908
7.0284	132.593853892469
7.03593333333333	132.516476239949
7.0435	132.441100639108
7.05103333333333	132.368996626592
7.0586	132.299709279532
7.06616666666667	132.233802148808
7.07373333333333	132.171871350837
7.0813	132.114619914548
7.08886666666667	132.061491271737
7.09646666666667	132.012999270879
7.10403333333333	131.969946367026
7.1116	131.931421986694
7.1192	131.896922903045
7.12676666666667	131.86718407616
7.13436666666667	131.841857141005
7.14193333333333	131.8203157727
7.14953333333333	131.801358646587
7.15713333333333	131.786277017258
7.1647	131.774430753043
7.1723	131.765147894311
7.1799	131.758598101636
7.18746666666667	131.755276336163
7.19506666666667	131.753993226948
7.20266666666667	131.754841712294
7.21023333333333	131.758289713605
7.21783333333333	131.7631474545
7.22543333333333	131.769585214946
7.233	131.778072804439
7.2406	131.787430928005
7.2482	131.797894690458
7.25576666666667	131.809942118396
7.26336666666667	131.822409038503
7.27093333333333	131.835583030626
7.27853333333333	131.848952078721
7.2861	131.863589765701
7.2937	131.877662547542
7.30126666666667	131.892742724981
7.30886666666667	131.907599457286
7.31643333333333	131.923869529933
7.32403333333333	131.939768696939
7.3316	131.95678132353
7.33916666666667	131.973103583644
7.34676666666667	131.989242164388
7.35433333333333	132.005694027826
7.3619	132.021827126429
7.36946666666667	132.037020365065
7.37703333333333	132.051288925525
7.38463333333333	132.065410628047
7.3922	132.079851820756
7.39976666666667	132.093326726448
7.40733333333333	132.105845742571
7.4149	132.117573462659
7.42246666666667	132.129281708452
7.43003333333333	132.140412602594
7.4376	132.150882622219
7.44516666666667	132.160752378637
7.45273333333333	132.17008657878
7.4603	132.178941155674
7.46786666666667	132.187362324464
7.47543333333333	132.195388479123
7.483	132.203051913624
7.49056666666667	132.210380131788
7.49813333333333	132.217397027537
7.5057	132.224123688081
7.51323333333333	132.230578987937
7.5208	132.235811523418
7.52836666666667	132.240983279262
7.53593333333333	132.246206726071
7.5435	132.251403430732
7.55106666666667	132.25588011899
7.55863333333333	132.260252155967
7.56616666666667	132.264651974312
7.57373333333333	132.268100662147
7.5813	132.271704873731
7.58886666666667	132.275548938946
7.59643333333333	132.279525426135
7.60396666666667	132.282917538441
7.61153333333333	132.285363204694
7.6191	132.288104510284
7.62666666666667	132.291222537349
7.6342	132.294588788282
7.64176666666667	132.296508900854
7.64933333333333	132.298684609142
7.6569	132.3013326074
7.66443333333333	132.304321056271
7.672	132.305941891513
7.67956666666667	132.307764624304
7.68713333333333	132.310159877811
7.69466666666667	132.312974520217
7.70223333333333	132.314467007125
7.7098	132.316037878615
7.71736666666667	132.318208473868
7.7249	132.320849555079
7.73246666666667	132.322215278714
7.74003333333333	132.323699131116
7.7476	132.325813645111
7.75513333333333	132.3284230567
7.7627	132.329776198914
7.77026666666667	132.331264058179
7.7778	132.333393924311
7.78536666666667	132.335069840944
7.79293333333333	132.336499800954
7.80046666666667	132.338347028259
7.80803333333333	132.339778796625
7.8156	132.341029852742
7.82313333333333	132.342756970755
7.8307	132.344114686215
7.83826666666667	132.345326788992
7.84583333333333	132.347042425377
7.85336666666667	132.349364801934
7.86093333333333	132.350552372755
7.8685	132.351977747128
7.87603333333333	132.354120289826
7.8836	132.355862800935
7.89116666666667	132.357399693669
7.8987	132.35938301366
7.90626666666667	132.36096642471
7.9138	132.362379001643
7.92136666666667	132.363317423399
7.92893333333333	132.364887020517
7.93646666666667	132.366580296026
7.94403333333333	132.367593807257
7.9516	132.368566859223
7.95913333333333	132.3701597795
7.9667	132.3713605128
7.97426666666667	132.372375591002
7.9818	132.373980561583
7.98936666666667	132.375191743727
7.9969	132.376221000601
8.00446666666667	132.376890086285
8.01203333333333	132.378288480575
8.01956666666667	132.379616289289
8.02713333333333	132.380377076232
8.0347	132.381210500453
8.04223333333333	132.382623822609
8.0498	132.383595757342
8.05733333333333	132.384462576099
8.0649	132.384922777942
8.07246666666667	132.38606043879
8.08	132.387209477789
8.08756666666667	132.387867900883
8.0951	132.388504099996
8.10266666666667	132.388815457754
8.11023333333333	132.389870489187
8.11776666666667	132.390989017524
8.12533333333333	132.391657171619
8.13286666666667	132.392333956388
8.14043333333333	132.392708896196
8.148	132.39384514703
8.15553333333333	132.395057324006
8.1631	132.39582741423
8.17063333333333	132.396612023049
8.1782	132.39709731636
8.18576666666667	132.398345410582
8.1933	132.399668721325
8.20086666666667	132.4005476489
8.2084	132.40143865954
8.21596666666667	132.402026330324
8.22353333333333	132.403373089487
8.23106666666667	132.404790358833
8.23863333333333	132.405757938425
8.24616666666667	132.406732751722
8.25373333333333	132.407398562684
8.26126666666667	132.408818403023
8.26883333333333	132.409348619559
8.2764	132.410542666362
8.28393333333333	132.411848336166
8.2915	132.41274874562
8.29903333333333	132.413692091725
8.3066	132.414353291235
8.31413333333333	132.415788038303
8.3217	132.416346563654
8.32926666666667	132.41757829555
8.3368	132.41892740295
8.34436666666667	132.419874281927
8.3519	132.420865501109
8.35946666666667	132.421573976323
8.367	132.423054620508
8.37456666666667	132.423656179582
8.3821	132.424927967836
8.38966666666667	132.425358855944
8.3972	132.426502249681
8.40476666666667	132.426841433373
8.41233333333333	132.427921123187
8.41986666666667	132.429172593127
8.42743333333333	132.430063022872
8.43496666666667	132.431027720692
8.44253333333333	132.431731728696
8.45006666666667	132.433223730898
8.45763333333333	132.43384734394
8.46516666666667	132.435148620945
8.47273333333333	132.435612993695
8.48026666666667	132.436792097559
8.48783333333333	132.437166840731
8.49536666666667	132.438281163006
8.50293333333333	132.438610634482
8.51046666666667	132.439694466719
8.51803333333333	132.440004928696
8.52556666666667	132.441078541377
8.53313333333333	132.441385590069
8.54066666666667	132.442461057347
8.54823333333333	132.442773803562
8.55576666666667	132.443857844092
8.56333333333333	132.444181081155
8.57086666666667	132.445277012432
8.57843333333333	132.445612876168
8.58596666666667	132.446721919552
8.59353333333333	132.447070908232
8.60106666666667	132.448193000669
8.60863333333333	132.448554618894
8.61616666666667	132.449688928081
8.62373333333333	132.450062094636
8.63126666666667	132.45120734353
8.63883333333333	132.451590647562
8.64636666666667	132.453187652932
8.65393333333333	132.454496954646
8.66146666666667	132.456969914828
8.66903333333333	132.458946731053
8.67656666666667	132.461871568628
8.68413333333333	132.464113293858
8.69166666666667	132.467159711762
8.69923333333333	132.469417096325
8.70676666666666	132.472404838992
8.71433333333333	132.474553881788
8.72186666666667	132.477400929683
8.72943333333333	132.47939121667
8.73696666666667	132.48206973707
8.74453333333333	132.483889692292
8.75206666666667	132.486399393931
8.7596	132.488056417281
8.76716666666667	132.489449949713
8.7747	132.491125994182
8.78226666666667	132.492654647603
8.7898	132.494386330259
8.79736666666667	132.495274585828
8.8049	132.496986265443
8.81243333333333	132.497976518629
8.82	132.498812695109
8.82753333333333	132.500021232282
8.8351	132.501160932234
8.84263333333333	132.502566840009
8.85016666666667	132.50318482209
8.85773333333333	132.503714511313
8.86526666666667	132.504682705837
8.87283333333333	132.505640085848
8.88036666666667	132.506909103756
8.88793333333333	132.507427505723
8.89546666666667	132.508844040235
8.903	132.509602763816
8.91056666666667	132.510259569148
8.9181	132.51133144812
8.92563333333333	132.512371057507
8.9332	132.5127496238
8.94073333333333	132.513483690206
8.9483	132.514260708543
8.95583333333333	132.515404153003
8.96336666666667	132.515843652523
8.97093333333333	132.516260731483
8.97846666666667	132.517167566232
8.98603333333333	132.518104263085
8.99356666666667	132.519383922727
9.0011	132.519936878163
9.00866666666667	132.520449521485
9.0162	132.521437799778
9.02373333333333	132.52244374368
9.0313	132.522826169528
9.03883333333333	132.523592356557
9.0464	132.524421941917
9.05393333333333	132.525632627869
9.06146666666667	132.526148708154
9.06903333333333	132.526648553158
9.07656666666667	132.527641612845
9.0841	132.528664985344
9.09166666666667	132.529073495549
9.0992	132.529871748307
9.10676666666667	132.530736927871
9.1143	132.531985186616
9.12183333333333	132.532537243044
9.1294	132.533065135632
9.13693333333333	132.534068360537
9.14446666666667	132.535071636704
9.15203333333333	132.535415329448
9.15956666666667	132.53608719452
9.1671	132.536747738731
9.17466666666667	132.536736443242
9.1822	132.537027930206
9.18973333333333	132.537272496019
9.1973	132.536794987947
9.20483333333333	132.536554570634
9.2124	132.536191712865
9.21993333333333	132.535962860421
9.22746666666667	132.534750002317
9.23503333333333	132.53316479919
9.24256666666667	132.531636436662
9.2501	132.529644298168
9.25766666666667	132.526440931152
9.2652	132.522903926563
9.27273333333333	132.51862073731
9.2803	132.512784249291
9.28783333333333	132.506183145706
9.2954	132.498340196952
9.30293333333333	132.489239695617
9.3105	132.477593965106
9.31803333333333	132.464574060315
9.3256	132.448440617947
9.33313333333333	132.429884900646
9.3407	132.406633121456
9.34823333333333	132.379231825656
9.3558	132.345800132633
9.36336666666667	132.306562239415
9.37093333333333	132.260218653353
9.37846666666667	132.205986098105
9.38603333333333	132.141122705507
9.39363333333333	132.065063243421
9.4012	131.976951451952
9.40876666666667	131.874169968715
9.41636666666667	131.75316222954
9.42396666666667	131.612376042802
9.43156666666667	131.449723084627
9.4392	131.261255947196
9.44683333333333	131.043555615827
9.45446666666667	130.794056128768
9.46213333333333	130.509015888612
9.4698	130.184309448021
9.47753333333333	129.817467148492
9.48523333333333	129.402989905287
9.493	128.940369529436
9.5008	128.421677727011
9.5086	127.845248064761
9.51646666666667	127.210222992524
9.52436666666667	126.50874954109
9.53233333333333	125.741842610183
9.54033333333333	124.905534749578
9.5484	124.000537508313
9.55653333333333	123.02409749274
9.56473333333333	121.976905017907
9.573	120.860946211794
9.58136666666667	119.679046405743
9.5898	118.432540336252
9.59833333333333	117.131495416284
9.60696666666667	115.780438251794
9.6157	114.389926542308
9.62456666666667	112.972848487675
9.63353333333333	111.539682476919
9.6426	110.11102192325
9.6518	108.705646939857
9.66113333333333	107.341627054614
9.67056666666667	106.042607396516
9.6801	104.836967406674
9.68973333333333	103.766806045751
9.69946666666667	102.836772699807
9.70926666666667	102.073695568497
9.7191	101.504250761358
9.729	101.153266124569
9.7389	101.042265592138
9.74876666666667	101.188655645233
9.7586	101.601775352277
9.7684	102.287431960075
9.77806666666667	103.241841036863
9.78766666666667	104.438161627502
9.7971	105.859428457613
9.8064	107.435920292681
9.81556666666667	109.16608617794
9.82456666666667	111.005689357241
9.83343333333333	112.902706353937
9.84213333333333	114.82056848897
9.8507	116.711589277696
9.85913333333333	118.549215687616
9.86746666666667	120.304340489796
9.87566666666667	121.961066994511
9.88376666666667	123.496164863369
9.89176666666667	124.904063582629
9.8997	126.178425645707
9.90753333333333	127.323042768319
9.91533333333333	128.334164537277
9.92306666666667	129.22419299003
9.93076666666667	129.995091132535
9.93843333333333	130.6580571734
9.94603333333333	131.22048780028
9.95363333333333	131.688485546333
9.9612	132.075233582028
9.96876666666667	132.387719672398
9.9763	132.636251104376
9.98383333333333	132.82636611965
9.99133333333333	132.967152756745
9.99886666666667	133.064085315188
10.0063666666667	133.125360694053
10.0138666666667	133.155354996274
10.0214	133.159634678176
10.0289	133.143191911197
10.0364	133.109751395995
10.0439333333333	133.062140510138
10.0514333333333	133.004185282706
10.0589666666667	132.938620431672
10.0665	132.866971744733
10.0740333333333	132.791359084385
10.0815666666667	132.713944321131
10.0891	132.635515824061
10.0966333333333	132.557708310544
10.1042	132.481537569841
10.1117333333333	132.408355633798
10.1193	132.338200532325
10.1268666666667	132.271289155173
10.1344333333333	132.208140426238
10.142	132.149470276554
10.1495666666667	132.094771741048
10.1571333333333	132.044606888862
10.1647	131.999031389775
10.1723	131.957918463773
10.1798666666667	131.921924826393
10.1874666666667	131.890072243521
10.1950333333333	131.862741184678
10.2026333333333	131.838958176576
10.2102	131.819433321874
10.2178	131.802478723459
10.2254	131.789255011429
10.2329666666667	131.779107946548
10.2405666666667	131.771369511768
10.2481666666667	131.766232617463
10.2557333333333	131.76419539465
10.2633333333333	131.764072120477
10.2709333333333	131.765972431596
10.2785	131.770365911999
10.2861	131.776065416264
10.2937	131.783253702194
10.3012666666667	131.792402561597
10.3088666666667	131.802335648457
10.3164333333333	131.813297866743
10.3240333333333	131.824774495886
10.3316333333333	131.837802994425
10.3392	131.851543078716
10.3468	131.86532442997
10.3543666666667	131.879605603008
10.3619666666667	131.893884276527
10.3695333333333	131.909705425964
10.3771	131.925272735227
10.3847	131.941074235363
10.3922666666667	131.957554902028
10.3998333333333	131.974022164745
10.4074333333333	131.989797522282
10.415	132.005859271319
10.4225666666667	132.021713942187
10.4301333333333	132.036732557101
10.4377333333333	132.050912875051
10.4453	132.066024969677
10.4528666666667	132.080290457176
10.4604333333333	132.093572318123
10.468	132.106025749216
10.4755666666667	132.118426963358
10.4831333333333	132.130223474436
10.4907	132.141336146019
10.4982666666667	132.151828479202
10.5058333333333	132.161767141882
10.5134	132.171209321637
10.5209666666667	132.180201964592
10.5285333333333	132.188783834829
10.5361	132.196987482544
10.5436666666667	132.204840497505
10.5512333333333	132.212366744127
10.5588	132.219587221304
10.5663666666667	132.226520695891
10.5739333333333	132.233184055561
10.5814666666667	132.239592688199
10.5890333333333	132.244792397136
10.5966	132.249942744538
10.6041666666667	132.255154528966
10.6117333333333	132.260347867437
10.6193	132.264828139427
10.6268333333333	132.26920987117
10.6344	132.272662243064
10.6419666666667	132.276300674553
10.6495333333333	132.280204658572
10.6571	132.284260223994
10.6646333333333	132.287745125879
10.6722	132.290292911254
10.6797666666667	132.293143350763
10.6873333333333	132.296374760576
10.6948666666667	132.299856931641
10.7024333333333	132.301893580955
10.71	132.304186437376
10.7175666666667	132.306950798732
10.7251	132.310054216467
10.7326666666667	132.311787584022
10.7402333333333	132.313721018309
10.7478	132.316224575327
10.7553333333333	132.319145007964
10.7629	132.320740153517
10.7704666666667	132.322411342737
10.778	132.324679669286
10.7855666666667	132.326458799439
10.7931333333333	132.327964025977
10.8007	132.329863671194
10.8082333333333	132.332288706272
10.8158	132.333518886179
10.8233666666667	132.334937629999
10.8309	132.337042575052
10.8384666666667	132.338728241107
10.8460333333333	132.340195072434
10.8535666666667	132.342100439214
10.8611333333333	132.343606882651
10.8687	132.344945959459
10.8762333333333	132.34677143656
10.8838	132.348235218746
10.8913666666667	132.349559821862
10.8989	132.351392559151
10.9064666666667	132.352878892723
10.9140333333333	132.35423745812
10.9215666666667	132.356112504804
10.9291333333333	132.357645949172
10.9367	132.359054824101
10.9442333333333	132.36098175636
10.9518	132.362566404399
10.9593666666667	132.364025350547
10.9669	132.366000507281
10.9744666666667	132.367512617209
10.9820333333333	132.368944435429
10.9895666666667	132.370927117936
10.9971333333333	132.372454971073
11.0047	132.373748649966
11.0122333333333	132.375593165142
11.0198	132.377012395851
11.0273333333333	132.378225843237
11.0349	132.379059116033
11.0424666666667	132.380607084823
11.05	132.382189735249
11.0575666666667	132.383144996275
11.0651333333333	132.384128299537
11.0726666666667	132.385672946388
11.0802333333333	132.386920330692
11.0877666666667	132.388055292727
11.0953333333333	132.388746005616
11.1029	132.390079416709
11.1104333333333	132.391393860748
11.118	132.39219214413
11.1255333333333	132.39294819768
11.1331	132.393362000893
11.1406666666667	132.394505876087
11.1482	132.395701621393
11.1557666666667	132.396437086879
11.1633	132.397173469162
11.1708666666667	132.39760115487
11.1784333333333	132.398784875317
11.1859666666667	132.400039909851
11.1935333333333	132.400848799227
11.2010666666667	132.401669034341
11.2086333333333	132.402186934903
11.2161666666667	132.403465294652
11.2237333333333	132.403862637157
11.2313	132.404931600498
11.2388333333333	132.406121122972
11.2464	132.406914876753
11.2539333333333	132.4077603476
11.2615	132.408333245679
11.2690333333333	132.409688425053
11.2766	132.410176842381
11.2841666666667	132.411346978058
11.2917	132.412643219932
11.2992666666667	132.413545864905
11.3068	132.414500859479
11.3143666666667	132.415181131842
11.3219	132.416640991578
11.3294666666667	132.417229176366
11.337	132.4184944032
11.3445666666667	132.418925397086
11.3521333333333	132.420075078669
11.3596666666667	132.421380677209
11.3672333333333	132.422313927826
11.3747666666667	132.423314092016
11.3823333333333	132.424048561773
11.3898666666667	132.425568140708
11.3974333333333	132.426217837406
11.4049666666667	132.427544934092
11.4125333333333	132.428035688803
11.4200666666667	132.4292424067
11.4276333333333	132.429646348458
11.4352	132.430791809008
11.4427333333333	132.432108821651
11.4503	132.43306370367
11.4578333333333	132.434091676601
11.4654	132.434856886987
11.4729333333333	132.436408198214
11.4805	132.437088366159
11.4880333333333	132.438443833268
11.4956	132.438959314385
11.5031333333333	132.440186869947
11.5107	132.440606811141
11.5182333333333	132.441763509655
11.5258	132.442132040317
11.5333333333333	132.443252033808
11.5409	132.443595352151
11.5484333333333	132.444698910104
11.556	132.445032664577
11.5635333333333	132.446131959326