-0.63	41.5387026631977
-0.6236	41.5387026631977
-0.6172	41.5387026631977
-0.6108	41.5387026631977
-0.6044	41.3956721902969
-0.598	41.3628990546511
-0.591366666666667	41.3518814328952
-0.584533333333333	41.0205127791813
-0.577533333333333	40.757257275416
-0.570466666666667	40.5543385270809
-0.5633	40.5173342953848
-0.556066666666667	40.4550505296119
-0.548766666666667	40.4117314547349
-0.541466666666667	40.3402573314209
-0.5341	40.3674613500398
-0.526733333333333	40.2955144845857
-0.519366666666667	40.3144233568731
-0.511966666666667	40.3250913736981
-0.504533333333333	40.2765284780592
-0.4971	40.2198946869797
-0.489666666666667	40.2059009740498
-0.482233333333333	40.185662439022
-0.474766666666667	40.1595505633391
-0.4673	40.0813762168667
-0.459833333333333	40.0565957109891
-0.452333333333333	40.0250849531084
-0.444866666666667	39.9285829858706
-0.437366666666667	39.9244817965992
-0.429866666666667	39.8467487089671
-0.422333333333333	39.7968195680708
-0.414833333333333	39.7076130315938
-0.4073	39.70491522957
-0.399766666666667	39.6282155957341
-0.392233333333333	39.5798729353073
-0.384666666666667	39.5416813288465
-0.377133333333333	39.4571588141974
-0.369566666666667	39.4589191205398
-0.362033333333333	39.3874384728988
-0.354466666666667	39.3932266774264
-0.3469	39.3246804678892
-0.339333333333333	39.2850171206729
-0.331766666666667	39.2559843129252
-0.3242	39.2294993947657
-0.316633333333333	39.2046906676818
-0.309066666666667	39.1813683794211
-0.3015	39.1594945922351
-0.293933333333333	39.139051052945
-0.286333333333333	39.1200036641956
-0.278766666666667	39.0540382047175
-0.2712	39.0741415843379
-0.263633333333333	39.0691764318428
-0.256066666666667	39.0564807345598
-0.248466666666667	39.0438950289979
-0.2409	38.9839726391929
-0.233333333333333	39.0098966040063
-0.225766666666667	39.0103574475212
-0.2182	39.002854119258
-0.210633333333333	38.9951798624735
-0.203066666666667	38.9881238017
-0.1955	38.9818144047968
-0.187933333333333	38.9762139802338
-0.1804	38.9712542426825
-0.172833333333333	39.0151631699979
-0.165266666666667	38.9743453940857
-0.1577	38.9611348635312
-0.150166666666667	38.9570506263215
-0.1426	39.0026224889491
-0.135066666666667	38.9634733532299
-0.1275	39.0000577281777
-0.119966666666667	38.9603300568463
-0.112433333333333	38.9972487231883
-0.104866666666667	39.0062845111188
-0.0973333333333334	38.9583369137018
-0.0898	38.9948149616545
-0.0822666666666667	39.0041284650995
-0.0747	39.004845295232
-0.0671666666666667	38.9563710651576
-0.0596333333333334	38.9930412215102
-0.0521	39.0026368495106
-0.0445666666666667	39.0035869062047
-0.0370333333333334	39.0035668780979
-0.0295000000000001	39.0033693953147
-0.0219666666666666	39.0031631392659
-0.0144666666666667	39.0029528717304
-0.00693333333333328	39.0510788873156
0.000600000000000023	39.0134849900563
0.00813333333333333	39.0035185784535
0.0156333333333334	39.0020271214597
0.0231666666666667	39.0497863717018
0.0307	39.0119849340956
0.0382	39.0018005363123
0.0457333333333333	39.0484308019369
0.0532666666666666	39.0102712591622
0.0607666666666667	38.99990722702
0.0683	39.0463785451848
0.0758	39.0080531268879
0.0833333333333333	39.0458887812394
0.0908333333333334	39.0174993497761
0.0983666666666667	39.0464930520925
0.105866666666667	39.0159306875458
0.1134	39.0445698298098
0.1209	39.0137571276846
0.128433333333333	39.0423900584538
0.135933333333333	39.0113957606527
0.143466666666667	39.0400379303883
0.150966666666667	39.008878553542
0.158466666666667	39.0375527845176
0.166	39.0546568033997
0.1735	39.0081328412421
0.181	39.045148012086
0.188533333333333	39.0531656031654
0.196033333333333	39.0044564640692
0.203533333333333	39.0410263499176
0.211066666666667	39.0489004340886
0.218566666666667	39.0001110705378
0.226066666666667	39.0366167541239
0.2336	39.0444269721689
0.2411	38.9955890334635
0.2486	39.032063747173
0.2561	39.0398441669363
0.263633333333333	39.0394024589878
0.271133333333333	38.9896678240591
0.278633333333333	39.0259614982458
0.286133333333333	39.0337236644512
0.293633333333333	39.0332935322561
0.301166666666667	39.031977039122
0.308666666666667	38.9820739729355
0.316166666666667	39.0183821947062
0.323666666666667	39.0261706686866
0.331166666666667	39.025766048579
0.3387	39.024483836989
0.3462	38.9746256913078
0.3537	39.010992456423
0.3612	39.018835998635
0.3687	39.0185004481116
0.3762	39.0172935713818
0.3837	39.0159275887
0.3912	39.0145707375985
0.398733333333333	39.0132399987049
0.406233333333333	38.9635109483317
0.413733333333333	39.0000155223587
0.421233333333333	39.0079587195035
0.428733333333333	39.0077274342132
0.436233333333333	39.0066341788419
0.443733333333333	39.0053923440896
0.451233333333333	39.0041667848465
0.458733333333333	39.0029704377285
0.466233333333333	39.0017858165994
0.473733333333333	39.0006067683074
0.481233333333333	38.999433053061
0.488733333333333	38.9982657858342
0.496233333333333	38.9971078492393
0.503733333333333	38.9959614166209
0.511233333333333	38.9948251405941
0.518733333333333	38.9936986304816
0.526233333333333	38.9925821616711
0.533733333333333	38.9914761355535
0.541233333333333	38.9903809301846
0.548733333333333	38.9892968544294
0.556233333333333	38.988224141733
0.563733333333333	38.9871629598685
0.571233333333333	38.9861134206589
0.578733333333333	38.9850755871834
0.586233333333333	38.9841782266456
0.593733333333333	38.9837106802975
0.601233333333333	38.9834655796779
0.608733333333333	38.9832667406539
0.616233333333333	38.9830807100126
0.623733333333333	38.9829011350935
0.631233333333333	38.9827267194193
0.638733333333333	38.9825570844589
0.646233333333333	38.9823920145453
0.653733333333333	38.9822313222739
0.661233333333333	38.9820748267841
0.668733333333333	38.9819223516683
0.6762	38.9817737155679
0.6837	39.0301041203091
0.6912	38.9917147142679
0.6987	38.982592460888
0.7062	38.9814505632204
0.7137	38.9811259862223
0.7212	38.9809530355656
0.7287	38.9808100816837
0.736166666666667	38.9806748292738
0.743666666666667	39.0290149917668
0.751166666666667	38.9906390272897
0.758666666666667	38.9815293615468
0.766166666666667	38.9803975816602
0.773666666666667	38.9800801845521
0.781166666666667	38.9799105403275
0.788633333333333	38.9797691888894
0.796133333333333	39.0281039325203
0.803633333333333	38.9897276230741
0.811133333333333	38.9806178254782
0.818633333333333	38.9794846948448
0.826133333333333	38.9791674423098
0.8336	38.9789991391947
0.8411	39.0273233863869
0.8486	38.9889436115909
0.8561	38.9798311036393
0.8636	38.9786945337193
0.8711	38.9783739170211
0.878566666666667	38.9782041641426
0.886066666666667	39.0265255917277
0.893566666666667	38.9881451916717
0.901066666666667	38.9790312673866
0.908566666666667	38.9778921326942
0.916033333333333	38.977568901017
0.923533333333333	39.02585785997
0.931033333333333	38.987472063378
0.938533333333333	38.9783551490132
0.946033333333333	38.9772122462625
0.9535	38.9768853282957
0.961	39.0251684676082
0.9685	38.9867823823097
0.976	38.9776666986259
0.9835	38.9765222962103
0.991	38.9761929725641
0.998466666666667	38.9760149269563
1.00596666666667	39.0243226766704
1.01346666666667	38.9859417726933
1.02096666666667	38.9768259255668
1.02846666666667	38.9756814914926
1.03593333333333	38.975352741782
1.04343333333333	39.023628762537
1.05093333333333	38.9852419106744
1.05843333333333	38.9761244473271
1.06593333333333	38.9749784444322
1.0734	38.9746483001733
1.0809	39.0229206332059
1.0884	38.984535562222
1.0959	38.9754212653362
1.10336666666667	38.9742755627324
1.11086666666667	39.0223936529374
1.11836666666667	38.9839784040924
1.12586666666667	38.9748580034009
1.13336666666667	38.9737111817539
1.14083333333333	38.9733781208194
1.14833333333333	39.0216423937639
1.15583333333333	38.9832559586992
1.16333333333333	38.9741424005697
1.17083333333333	38.9729973548202
1.1783	38.9726651209869
1.1858	39.0209275488875
1.1933	38.9825428582457
1.2008	38.9734293465386
1.2083	38.972282183294
1.21576666666667	38.9719497319975
1.22326666666667	39.020210414022
1.23076666666667	38.9818278124433
1.23826666666667	38.9727164356067
1.24573333333333	38.9715704504408
1.25323333333333	39.019678475174
1.26073333333333	38.9812671067315
1.26823333333333	38.9721509220273
1.27573333333333	38.9710050080994
1.2832	38.9706724356752
1.2907	39.0189278782875
1.2982	38.9805464860032
1.3057	38.9714382226817
1.31316666666667	38.9702950873883
1.32066666666667	39.0183993158688
1.32816666666667	38.9799897218074
1.33566666666667	38.9708752578198
1.34316666666667	38.9697295104284
1.35063333333333	38.9693969421066
1.35813333333333	39.0176480644836
1.36563333333333	38.9792688817085
1.37313333333333	38.9701629939019
1.3806	38.969020688101
1.3881	39.0171211400116
1.3956	38.9787141912906
1.4031	38.9696025095073
1.4106	38.9684579791699
1.41806666666667	38.9681264015009
1.42556666666667	39.0163741729578
1.43306666666667	38.9779980254228
1.44056666666667	38.9688952955
1.44806666666667	38.9677545716671
1.45553333333333	38.9674257082903
1.46303333333333	39.0156734779585
1.47053333333333	38.9773006331683
1.47803333333333	38.9681994117009
1.4855	38.9670579711021
1.493	39.0151541265417
1.5005	38.9767534760935
1.508	38.967648385202
1.5155	38.9665079284962
1.52296666666667	38.9661799162058
1.53046666666667	39.0144244853083
1.53796666666667	38.9760547073935
1.54546666666667	38.9669584124666
1.55293333333333	38.9658216033517
1.56043333333333	39.0139158557789
1.56793333333333	38.9755184096565
1.57543333333333	38.9664162981017
1.58293333333333	38.9652770563015
1.5904	38.9649496688925
1.5979	39.0131901601992
1.6054	38.9748216541013
1.6129	38.9657257332968
1.62036666666667	38.9645864519267
1.62786666666667	39.0126721746844
1.63536666666667	38.9742701739587
1.64286666666667	38.9651613258761
1.65036666666667	38.9640111140679
1.65783333333333	38.9636694329715
1.66533333333333	39.0118880993113
1.67283333333333	38.9734997481479
1.68033333333333	38.9643800257447
1.68783333333333	38.9632105561911
1.6953	38.9628448319729
1.7028	39.0110327543011
1.7103	38.9726115128727
1.7178	38.9634518484496
1.7253	38.9622333265522
1.73276666666667	38.9618122013039
1.74026666666667	39.0099338993208
1.74776666666667	38.9714373759827
1.75526666666667	38.9621896530642
1.76276666666667	38.9608653522289
1.77026666666667	38.960318576023
1.77773333333333	38.9598823961252
1.78523333333333	39.0078369298001
1.79273333333333	38.9691171742528
1.80023333333333	38.9596057688147
1.80773333333333	38.9579753203455
1.81523333333333	38.9570777189923
1.82273333333333	38.9562435626053
1.83023333333333	38.955342246681
1.83773333333333	38.954342597857
1.84523333333333	38.9532352876202
1.85276666666667	38.9520140849234
1.86026666666667	38.9023420993576
1.86776666666667	38.9387018641256
1.8753	38.9462975497598
1.8828	38.8973028973009
1.89033333333333	38.9334807403975
1.89783333333333	38.8923935529276
1.90536666666667	38.9291937512384
1.9129	38.8880159771224
1.92043333333333	38.8763063090046
1.92796666666667	38.8727496351588
1.9355	38.8699701702725
1.94306666666667	38.8672516856753
1.9506	38.8162358425575
1.95816666666667	38.850847813778
1.96573333333333	38.8090500243029
1.97326666666667	38.7964160207235
1.98086666666667	38.8411942680886
1.98843333333333	38.7623077073261
1.996	38.8028660627411
2.0036	38.8263720996683
2.0112	38.7957067689735
2.0188	38.8026801291709
2.0264	38.8204810766946
2.034	38.8408513509177
2.04163333333333	38.8628418569267
2.04926666666667	38.8382597777062
2.0569	38.8407389926566
2.06453333333333	38.8628089337884
2.07216666666667	38.8893167918595
2.07983333333333	38.9176688071012
2.0875	38.8995744224193
2.09516666666667	38.9185164702434
2.10283333333333	38.949287738143
2.11053333333333	38.9827302889489
2.11823333333333	38.9699888657946
2.12593333333333	38.9937367147166
2.13363333333333	39.0295256274315
2.14136666666667	39.0680164214564
2.1491	39.0604372179259
2.15683333333333	39.0888062180902
2.1646	39.1294733257263
2.17233333333333	39.125467541454
2.1801	39.2045440789851
2.1879	39.2146082306107
2.1957	39.2028987675578
2.2035	39.2362345862632
2.2113	39.2836869078974
2.21913333333333	39.3342062481765
2.22696666666667	39.339007692522
2.2348	39.3781865890382
2.24266666666667	39.4304323629909
2.25053333333333	39.4386025226512
2.2584	39.4809656020521
2.2663	39.5366219040205
2.2742	39.5483227476294
2.28213333333333	39.5936691812998
2.29006666666667	39.605789304911
2.298	39.6526803334508
2.30596666666667	39.7135854198378
2.31393333333333	39.7308351881537
2.3219	39.7809060664763
2.3299	39.8458299240142
2.33793333333333	39.8675399940576
2.34593333333333	39.8747883352892
2.35396666666667	39.9728304425529
2.36203333333333	40.0099420009062
2.37006666666667	40.0210311695979
2.37813333333333	40.1200160840139
2.3862	40.1547983800097
2.3943	40.212963517129
2.4024	40.2362317168072
2.4105	40.290778304976
2.4186	40.3574272889517
2.4267	40.4246682630985
2.4348	40.4902436950042
2.44293333333333	40.5534080578591
2.45103333333333	40.5678153609516
2.45916666666667	40.6547812271758
2.4673	40.6760848562269
2.4754	40.7122567881409
2.48353333333333	40.8018603417728
2.49163333333333	40.8136955023469
2.49973333333333	40.8837045576122
2.50786666666667	40.9314383667389
2.51596666666667	40.9199785669435
2.52406666666667	40.971366902213
2.53213333333333	41.0108880574124
2.54023333333333	41.0879504787513
2.54833333333333	41.0761142283891
2.5564	41.0686294068417
2.56446666666667	41.1150511285316
2.57256666666667	41.1328564732144
2.58063333333333	41.0858745467407
2.5887	41.1058541582388
2.59673333333333	41.1103826499121
2.6048	41.1458444524919
2.61283333333333	41.1026875997564
2.6209	41.1151359237265
2.62893333333333	41.0640095486607
2.63696666666667	41.0590892210382
2.645	41.0603451198557
2.65303333333333	41.0304604978814
2.66106666666667	40.9990205679633
2.6691	40.9668670610495
2.67713333333333	40.934863572979
2.68513333333333	40.9062029979507
2.69316666666667	40.9249287264877
2.70116666666667	40.866384895831
2.70916666666667	40.8728592492052
2.7172	40.8594000387545
2.7252	40.7887466806218
2.7332	40.7946724677968
2.7412	40.7825977469184
2.74916666666667	40.7606207347181
2.75716666666667	40.7845108597685
2.76516666666667	40.7307670620828
2.77313333333333	40.6966523492858
2.78113333333333	40.720745692455
2.7891	40.6691840859879
2.79706666666667	40.6845697369147
2.80503333333333	40.6798830735752
2.813	40.6651444636144
2.82096666666667	40.6513822555095
2.82893333333333	40.6418672225852
2.8369	40.6294204324181
2.84483333333333	40.6167519393701
2.85276666666667	40.6514650010098
2.86073333333333	40.6564065702146
2.86866666666667	40.6013302133978
2.8766	40.6218493701091
2.88453333333333	40.6255861697655
2.89243333333333	40.618365709849
2.90036666666667	40.6566855414034
2.90826666666667	40.6170559954001
2.9162	40.641992504796
2.9241	40.6004609395182
2.932	40.6252990747422
2.9399	40.631033865176
2.9478	40.6252111973101
2.9557	40.6175278770169
2.96356666666667	40.6094503882681
2.97146666666667	40.6485110094996
2.97933333333333	40.6091669422725
2.9872	40.6348299721195
2.99506666666667	40.6403290048531
3.00293333333333	40.6342002590231
3.0108	40.6261207872294
3.01866666666667	40.6175141301465
3.02653333333333	40.6087043815644
3.03436666666667	40.5997351611544
3.04223333333333	40.6379536348418
3.05006666666667	40.5971020284852
3.0579	40.6219302376478
3.06576666666667	40.6260399202124
3.0736	40.5712371855335
3.08143333333333	40.5935355725418
3.08923333333333	40.5968577312413
3.09706666666667	40.6365746845758
3.1049	40.5952033944487
3.1127	40.572250144574
3.12053333333333	40.607846809987
3.12833333333333	40.5657871457874
3.13616666666667	40.5901560908245
3.14396666666667	40.5462046688584
3.15176666666667	40.5700816404544
3.15956666666667	40.5735382901704
3.16736666666667	40.5655536221113
3.17516666666667	40.5558259383867
3.18296666666667	40.5457593237807
3.19076666666667	40.5356569951973
3.19856666666667	40.5255565608043
3.20633333333333	40.5154459591333
3.21413333333333	40.553002075053
3.2219	40.5107056461537
3.2297	40.5353741496055
3.23746666666667	40.4911127971116
3.24523333333333	40.515523101732
3.253	40.5190267192673
3.2608	40.5112931513523
3.26856666666667	40.4541715611902
3.27633333333333	40.4767668874911
3.2841	40.4800291754998
3.29183333333333	40.472412385048
3.2996	40.5110007113963
3.30736666666667	40.4688844864769
3.3151	40.4466494313077
3.32286666666667	40.4830925797317
3.33063333333333	40.4407154678781
3.33836666666667	40.418592809096
3.3461	40.4551235388528
3.35386666666667	40.4606349945852
3.3616	40.4059063005437
3.36933333333333	40.4298677575953
3.37706666666667	40.4335673313195
3.3848	40.4265220788848
3.39253333333333	40.4179287731235
3.40026666666667	40.409039481567
3.408	40.4001493971147
3.41573333333333	40.3912966649249
3.42346666666667	40.3824608166319
3.43116666666667	40.3736415684957
3.4389	40.412808146961
3.44663333333333	40.3709573911532
3.45433333333333	40.3497331356439
3.46206666666667	40.3871311916649
3.46976666666667	40.3450280515574
3.47746666666667	40.3718816895249
3.4852	40.3762826024802
3.4929	40.3217405448799
3.5006	40.3468281246597
3.5083	40.3509731627906
3.516	40.3445109843113
3.5237	40.3365304550226
3.5314	40.328252384294
3.5391	40.3199611484817
3.5468	40.3116960416411
3.5545	40.3034375589053
3.5622	40.2951822791853
3.56986666666667	40.2869384434365
3.57756666666667	40.3268091296648
3.58526666666667	40.2850445636217
3.59293333333333	40.2646409006488
3.60063333333333	40.3027981269787
3.6083	40.2607791930915
3.616	40.2885662640775
3.62366666666667	40.2450864163297
3.63133333333333	40.2726280824937
3.63903333333333	40.2772976733077
3.6467	40.22314444469
3.65436666666667	40.2492944627668
3.66203333333333	40.2537407391958
3.6697	40.2477799676821
3.67736666666667	40.2403611348905
3.68503333333333	40.2326647005325
3.6927	40.2249633088222
3.70036666666667	40.217288592906
3.70803333333333	40.2096215057235
3.7157	40.2019587131804
3.72336666666667	40.1943074235383
3.731	40.186674200998
3.73866666666667	40.2272880126252
3.74633333333333	40.1856236956761
3.75396666666667	40.1661390023755
3.76163333333333	40.205127482225
3.7693	40.163229864225
3.77693333333333	40.1438357255967
3.78456666666667	40.1829098432897
3.79223333333333	40.189304117293
3.79986666666667	40.1358155471413
3.80753333333333	40.1630810809525
3.81516666666667	40.1195723553775
3.8228	40.1483205738852
3.83046666666667	40.1534110166645
3.8381	40.0997848227772
3.84573333333333	40.1272048777244
3.85336666666667	40.1441143339424
3.861	40.1295566254136
3.86863333333333	40.1326058848977
3.87626666666667	40.128011864675
3.8839	40.121456765791
3.89153333333333	40.1145454811877
3.89916666666667	40.1075546321925
3.9068	40.1005452540455
3.91443333333333	40.0935295336847
3.92203333333333	40.0865082332962
3.92966666666667	40.1278499661952
3.9373	40.0853837837685
3.94493333333333	40.0674284581883
3.95253333333333	40.0589292660424
3.96016666666667	40.1000444549187
3.9678	40.0575822284352
3.9754	40.0397010792171
3.98303333333333	40.079612460753
3.99063333333333	40.0369211292608
3.99826666666667	40.0674734673667
4.00586666666667	40.0236045188715
4.0135	40.0539649197884
4.0211	40.0101231757772
4.02873333333333	40.0405662481273
4.03633333333333	39.9967757766577
4.04393333333333	40.0272968694785
4.05156666666667	40.0319605684505
4.05916666666667	39.978617341643
4.06676666666667	40.0080271776635
4.0744	40.012552270991
4.082	39.9593047096305
4.0896	39.9888514252382
4.0972	39.9934581360797
4.1048	39.9886914657912
4.1124	39.9827446659504
4.12	39.9765753177819
4.1276	39.9704158559701
4.1352	39.9642936280264
4.1428	39.9581867595567
4.1504	39.9520910471019
4.158	39.9460113483557
4.1656	39.9399509599394
4.1732	39.9339155917832
4.1808	39.9279106225458
4.1884	39.9219375553957
4.19596666666667	39.9159984708884
4.20356666666667	39.9585485034296
4.21116666666667	39.9166110681448
4.21876666666667	39.9002073760433
4.22633333333333	39.8930007344546
4.23393333333333	39.9354321124897
4.24153333333333	39.8935816495725
4.2491	39.8773087984883
4.2567	39.9186465104601
4.2643	39.8766078961874
4.27186666666667	39.8604138119502
4.27946666666667	39.9018507435487
4.28703333333333	39.8598792018992
4.29463333333333	39.8922266533034
4.3022	39.8491598663602
4.3098	39.8813317963306
4.31736666666667	39.8382974026524
4.32493333333333	39.8705446732242
4.33253333333333	39.8760242013758
4.3401	39.8236867129589
4.3477	39.8548451085776
4.35526666666667	39.8116767431859
4.36283333333333	39.8440359507183
4.3704	39.8496086213667
4.378	39.8458426339495
4.38556666666667	39.7924587465605
4.39313333333333	39.8235403291528
4.4007	39.8289187602092
4.4083	39.8252140832646
4.41586666666667	39.7719046973706
4.42343333333333	39.8030542591893
4.431	39.8084606364834
4.43856666666667	39.8048059866497
4.44613333333333	39.8000298112701
4.4537	39.7950359736827
4.46126666666667	39.7900450539523
4.46883333333333	39.78508105909
4.4764	39.7801262785831
4.48396666666667	39.7751764910719
4.49153333333333	39.7702321297513
4.4991	39.7652963776234
4.50666666666667	39.7603748031056
4.51423333333333	39.7554722100479
4.5218	39.7505895397739
4.52936666666667	39.7457283887188
4.53693333333333	39.7408908786636
4.54446666666667	39.7360790984253
4.55203333333333	39.7798219514896
4.5596	39.7383711163969
4.56716666666667	39.7234714987186
4.57473333333333	39.7174618813324
4.58226666666667	39.7125431128879
4.58983333333333	39.7563822885726
4.5974	39.7150084763576
4.60496666666667	39.7002093045519
4.6125	39.6942886491464
4.62006666666667	39.7379851766038
4.62763333333333	39.6966718788663
4.63516666666667	39.6819951914487
4.64273333333333	39.7246859959332
4.6503	39.6831988650433
4.65783333333333	39.668583875327
4.6654	39.7113526799575
4.67293333333333	39.6699178539497
4.6805	39.7038899275795
4.68803333333333	39.6614352571042
4.6956	39.695232915552
4.70316666666667	39.6527970893436
4.7107	39.6381360899557
4.71826666666667	39.6810186344867
4.7258	39.6396909554681
4.73336666666667	39.6738079778333
4.7409	39.6314611437134
4.74843333333333	39.6654212338751
4.756	39.6716522542683
4.76353333333333	39.6203423672703
4.7711	39.6533204890582
4.77863333333333	39.6108527682908
4.7862	39.6449194542404
4.79373333333333	39.6026850330078
4.80126666666667	39.6367951286406
4.80883333333333	39.6431056437394
4.81636666666667	39.5918985247706
4.8239	39.625010348267
4.83143333333333	39.6311640029013
4.839	39.6285232141665
4.84653333333333	39.5763156890994
4.85406666666667	39.6092733370709
4.8616	39.6154227546476
4.86916666666667	39.6128035401964
4.8767	39.5606120153224
4.88423333333333	39.5935995641678
4.89176666666667	39.5997585386989
4.8993	39.5971664836766
4.90686666666667	39.5935380821693
4.9144	39.5411857274625
4.92193333333333	39.5742392384825
4.92946666666667	39.5804575020558
4.937	39.5779296181597
4.94453333333333	39.5743753473093
4.95206666666667	39.5706294866635
4.9596	39.5668965133835
4.96716666666667	39.5632004202006
4.9747	39.5110120882696
4.98223333333333	39.5442654880184
4.98976666666667	39.5506276656185
4.9973	39.5482779635219
5.00483333333333	39.5449342161417
5.01236666666667	39.5414328309158
5.0199	39.5379767450092
5.02743333333333	39.5345885665006
5.03496666666667	39.5312534389425
5.0425	39.527971396873
5.05006666666667	39.5247524202867
5.0576	39.4731087015508
5.06513333333333	39.5070123023824
5.07266666666667	39.5140644884827
5.0802	39.5125507114859
5.08773333333333	39.5101942685142
5.0953	39.5078576501337
5.10283333333333	39.457287476887
5.1104	39.4924956827358
5.11793333333333	39.4525779679754
5.1255	39.4898059243298
5.13303333333333	39.4510005551989
5.1406	39.48926968378
5.14816666666667	39.4516553691671
5.15573333333333	39.4428188673888
5.1633	39.4436500685294
5.17086666666667	39.4463606083148
5.17843333333333	39.4501769926433
5.18603333333333	39.4549757067395
5.1936	39.4124501056232
5.2012	39.4559221888296
5.2088	39.4258871181872
5.2164	39.4247297245958
5.22403333333333	39.4339288353353
5.23163333333333	39.397309838787
5.23926666666667	39.4465857625411
5.2469	39.4234273332059
5.25453333333333	39.4287356915087
5.2622	39.4448151928165
5.26983333333333	39.4154784686987
5.2775	39.4716192470553
5.28516666666667	39.4563610302987
5.29283333333333	39.4690149683729
5.30053333333333	39.4927540528871
5.30823333333333	39.4596665635193
5.31593333333333	39.4717878287618
5.32366666666667	39.4989230827852
5.33136666666667	39.4817947870374
5.3391	39.5485375890475
5.34686666666667	39.5465889814564
5.3546	39.5227253875152
5.36236666666667	39.5921536535015
5.37013333333333	39.5951159555215
5.37793333333333	39.6234510771735
5.38573333333333	39.6163217136355
5.39353333333333	39.645472521
5.40136666666667	39.6885525027808
5.4092	39.6876132169425
5.41703333333333	39.7213032641352
5.4249	39.7688517766432
5.43276666666667	39.7725530531068
5.44063333333333	39.8104333262965
5.44853333333333	39.8624019385168
5.45643333333333	39.8706891867767
5.46436666666667	39.91260097583
5.4723	39.9218505088431
5.48023333333333	39.9659294149992
5.4882	40.0247814032151
5.4962	40.0402548699755
5.5042	40.0417578581456
5.5122	40.0887203704233
5.52023333333333	40.1525753308019
5.52826666666667	40.174171293209
5.53633333333333	40.2286316312549
5.5444	40.2515819382493
5.55246666666667	40.3080858065194
5.5606	40.3799019273252
5.5687	40.3629080724776
5.57686666666667	40.4521797889216
5.585	40.4493569978249
5.5932	40.5397311149108
5.60136666666667	40.5393047481233
5.6096	40.6366103361724
5.61783333333333	40.6397618647066
5.62606666666667	40.692533490416
5.63433333333333	40.7718188996897
5.6426	40.8104627645126
5.6509	40.8785418962955
5.6592	40.9151858893428
5.6675	40.9819244364584
5.67583333333333	41.0626802901181
5.68416666666667	41.0995854318026
5.69253333333333	41.1628452199159
5.70086666666667	41.1933413920444
5.70923333333333	41.2962775004327
5.7176	41.3391822827931
5.72596666666667	41.3936756930212
5.73433333333333	41.459232281256
5.7427	41.5318727145091
5.75106666666667	41.5928220386419
5.75943333333333	41.6465511036672
5.7678	41.6942950355909
5.77616666666667	41.7362006825681
5.7845	41.7721639905717
5.79286666666667	41.8472770665375
5.8012	41.8475729250552
5.80953333333333	41.8932433424598
5.81783333333333	41.9230651504857
5.82616666666667	41.9779916271567
5.83446666666667	41.955286194375
5.84276666666667	41.9783036647491
5.85106666666667	41.9859651982519
5.85936666666667	41.9743648506997
5.86763333333333	41.9552759466079
5.8759	41.9768876204725
5.88416666666667	41.9707067557494
5.89243333333333	41.9440925399727
5.9007	41.9109574308974
5.90893333333333	41.8744599929217
5.91716666666667	41.8814698431783
5.92543333333333	41.8624443035472
5.93366666666667	41.7792725387165
5.94186666666667	41.7618921300127
5.9501	41.7814667923053
5.95833333333333	41.7165573322693
5.96653333333333	41.6570208721851
5.97476666666667	41.6563968847802
5.98296666666667	41.5879588744589
5.99116666666667	41.575188745745
5.99936666666667	41.5518376918544
6.00756666666667	41.5156107081929
6.01576666666667	41.4675711318041
6.02396666666667	41.4215568004589
6.03216666666667	41.3813704562444
6.04033333333333	41.3471462235341
6.04853333333333	41.3617531075813
6.0567	41.3028732265084
6.06486666666667	41.3073220733287
6.07303333333333	41.2955872417641
6.0812	41.2737097427658
6.08936666666667	41.2515049405338
6.0975	41.2304231243474
6.10566666666667	41.2570291186284
6.1138	41.2090315454242
6.12193333333333	41.2247857529862
6.13006666666667	41.2231490888159
6.1382	41.2109205336776
6.1463	41.1977269248894
6.15443333333333	41.2313438701822
6.16253333333333	41.1890604136509
6.17063333333333	41.2106716361141
6.17873333333333	41.2136069269356
6.1868	41.2054327369675
6.1949	41.2421958749278
6.20296666666667	41.2051911777916
6.21103333333333	41.2271026453169
6.2191	41.2391186275702
6.22716666666667	41.2341227979255
6.2352	41.2255769940693
6.24326666666667	41.2627758969572
6.2513	41.223896784191
6.25933333333333	41.2460365909046
6.26736666666667	41.2506454191642
6.2754	41.2425117406536
6.2834	41.2318660768086
6.29143333333333	41.2671805454811
6.29943333333333	41.2254638120313
6.30743333333333	41.2459562225088
6.31543333333333	41.248217128716
6.32343333333333	41.2377766944223
6.3314	41.2248690532923
6.3394	41.258116849921
6.34736666666667	41.2126821372329
6.35536666666667	41.2323149057856
6.36333333333333	41.1855067818664
6.3713	41.2031627369831
6.37926666666667	41.20268830502
6.3872	41.1899208690918
6.39516666666667	41.2220604249877
6.40313333333333	41.1750336916391
6.41106666666667	41.1465078253774
6.419	41.1758034719751
6.42696666666667	41.1768459191792
6.4349	41.1169707646749
6.44283333333333	41.1317471449294
6.45076666666667	41.1301547840105
6.4587	41.116971556434
6.4666	41.1019047793945
6.47453333333333	41.1337380110614
6.48246666666667	41.0881272083379
6.49036666666667	41.0589085887084
6.49826666666667	41.0885971379784
6.5062	41.0900863267231
6.5141	41.0308552085015
6.522	41.0470117352295
6.5299	41.0465050366898
6.5378	41.0347512680284
6.54566666666667	41.0213448542215
6.55356666666667	41.05509751174
6.56146666666667	41.0111728872872
6.56933333333333	40.9836929332638
6.57723333333333	41.0154677486506
6.5851	40.9714140177897
6.59296666666667	40.991664848002
6.60083333333333	40.9933473105022
6.6087	40.9829689191641
6.61656666666667	40.9707641005078
6.62443333333333	40.9582759149018
6.6323	40.9458250135955
6.64013333333333	40.9334428923986
6.648	40.9686528474186
6.65586666666667	40.9255405743075
6.6637	40.8994328419766
6.67153333333333	40.932515519425
6.67936666666667	40.9366947292207
6.68723333333333	40.9274543478719
6.69506666666667	40.8684068098253
6.7029	40.8874712783288
6.71073333333333	40.8894826726683
6.71853333333333	40.879966286252
6.72636666666667	40.9162890543999
6.7342	40.8733422366213
6.742	40.847949494205
6.74983333333333	40.8817190677582
6.75763333333333	40.8383545156895
6.76546666666667	40.8606948516415
6.77326666666667	40.8154870994707
6.78106666666667	40.8374695486534
6.78886666666667	40.839962185375
6.79666666666667	40.8307046738531
6.80446666666667	40.8196289703427
6.81226666666667	40.8082151485317
6.82006666666667	40.7967801723227
6.82786666666667	40.7853612846791
6.83563333333333	40.7739413927145
6.84343333333333	40.8103428551792
6.8512	40.7672302817589
6.859	40.7902853728325
6.86676666666667	40.7450587217449
6.87456666666667	40.7678130006049
6.88233333333333	40.7225971721183
6.8901	40.7454339694672
6.89786666666667	40.7481065034948
6.90563333333333	40.7392238651234
6.9134	40.7286005831127
6.92116666666667	40.7176741624942
6.92893333333333	40.706751045751
6.9367	40.6958639219861
6.94443333333333	40.6849904748906
6.9522	40.7220792652104
6.95996666666667	40.6790603721276
6.9677	40.6551232512561
6.97546666666667	40.6902504205383
6.9832	40.6469340607677
6.99096666666667	40.671078578232
6.9987	40.6261256588381
7.00643333333333	40.650020710919
7.01416666666667	40.653097525574
7.0219	40.6448417535018
7.02966666666667	40.6349105921343
7.0374	40.5766898094067
7.0451	40.5988075070272
7.05283333333333	40.6497528926227
7.06056666666667	40.6089945412197
7.0683	40.5863418319787
7.07603333333333	40.5742724921847
7.08373333333333	40.5638554450784
7.09146666666667	40.6018903016422
7.0992	40.5591880961204
7.1069	40.5363743506502
7.11463333333333	40.5725296568806
7.12233333333333	40.5295314121402
7.13003333333333	40.5549421177846
7.13776666666667	40.5585127252386
7.14546666666667	40.5028000422737
7.15316666666667	40.5264054244743
7.16086666666667	40.5297329434291
7.16856666666667	40.5222370612706
7.17626666666667	40.51316259798
7.18396666666667	40.5037853571462
7.19166666666667	40.4944034943957
7.19936666666667	40.4850591574492
7.20706666666667	40.4757320343801
7.21476666666667	40.4664179301082
7.22246666666667	40.4571248765158
7.23013333333333	40.4478605139661
7.23783333333333	40.4868195350647
7.24553333333333	40.4562384970807
7.2532	40.4254805048331
7.2609	40.4604574004669
7.26856666666667	40.4289966182487
7.27626666666667	40.4466413999533
7.28393333333333	40.4117862446905
7.29163333333333	40.4289204622792
7.2993	40.3938867174103
7.30696666666667	40.4236331485393
7.31463333333333	40.4273703652838
7.32233333333333	40.4204561278851
7.33	40.3637961064665
7.33766666666667	40.3894396474612
7.34533333333333	40.3924437113059
7.353	40.3854898239853
7.36066666666667	40.3771295964735
7.36833333333333	40.3684782705607
7.376	40.3598208531422
7.38366666666667	40.3511985314508
7.3913	40.3425931812273
7.39896666666667	40.3823189178417
7.40663333333333	40.3389716511394
7.4143	40.3189951766787
7.42193333333333	40.308822094006
7.4296	40.3483382596777
7.43726666666667	40.3050397987032
7.4449	40.2852029322044
7.45256666666667	40.3234632406302
7.4602	40.2799485311547
7.46786666666667	40.3085568477803
7.4755	40.2637971993635
7.48316666666667	40.2922244943083
7.4908	40.2475206622613
7.49843333333333	40.2760686211506
7.5061	40.2797913515484
7.51373333333333	40.2252064284681
7.52136666666667	40.2525671195241
7.529	40.2561487425286
7.53663333333333	40.2500264593235
7.5443	40.2426239595202
7.55193333333333	40.1866294172732
7.55956666666667	40.2139345964212
7.5672	40.2176549383191
7.57483333333333	40.2117012969149
7.58246666666667	40.2044564407353
7.5901	40.1969753225205
7.59773333333333	40.1895193111785
7.60533333333333	40.1821211498458
7.61296666666667	40.2231687958387
7.6206	40.1804559275549
7.62823333333333	40.1620951729029
7.63583333333333	40.1532678598564
7.64346666666667	40.1941331290391
7.6511	40.1514715475121
7.65873333333333	40.1332307859019
7.66633333333333	40.1244935837662
7.67396666666667	40.1654495498622
7.68156666666667	40.1228681386291
7.6892	40.1531845073744
7.6968	40.1091444344565
7.70443333333333	40.1392637257399
7.71203333333333	40.0952812564812
7.71966666666667	40.1254891457749
7.72726666666667	40.0815512002346
7.73486666666667	40.1118230629636
7.7425	40.1163628544253
7.7501	40.0627874447608
7.7577	40.0919104956813
7.76533333333333	40.0962894053489
7.77293333333333	40.0427916207699
7.78053333333333	40.0720310161375
7.78813333333333	40.0764669521114
7.79573333333333	40.0714633493105
7.80333333333333	40.065253543632
7.81093333333333	40.0588073485379
7.81856666666667	40.0523612285774
7.82616666666667	39.9975209686643
7.83376666666667	40.0266810656001
7.84136666666667	40.0312007149729
7.84893333333333	40.0263224567918
7.85653333333333	40.0687281090345
7.86413333333333	40.0264500936516
7.87173333333333	40.0094912661352
7.87933333333333	40.0018095227384
7.88693333333333	39.9953213046485
7.89453333333333	39.9890793590099
7.90213333333333	39.9828555212308
7.9097	39.97663219388
7.9173	40.0189240121465
7.9249	39.9767541653358
7.93246666666667	39.9600181117394
7.94006666666667	40.0010069480565
7.94766666666667	39.958673497155
7.95523333333333	39.9420282263543
7.96283333333333	39.983089842138
7.97043333333333	39.94078861295
7.978	39.9242126010482
7.9856	39.9653418670559
7.99316666666667	39.9231021346885
8.00076666666667	39.9551058010367
8.00833333333333	39.9117665928134
8.01593333333333	39.9435957083447
8.0235	39.9002895262472
8.0311	39.9321973990263
8.03866666666667	39.8889345752115
8.04626666666667	39.9209003020954
8.05383333333333	39.8776842062037
8.0614	39.9097167310272
8.069	39.9150532714256
8.07656666666667	39.8625269004763
8.08413333333333	39.8934863154636
8.0917	39.8986590747174
8.0993	39.8946812454368
8.10686666666667	39.8410735155799
8.11443333333333	39.8718905521412
8.122	39.8770813050373
8.12956666666667	39.8731559809957
8.13716666666667	39.8680870478846
8.14473333333333	39.81429686373
8.1523	39.8451829787424
8.15986666666667	39.8504267115666
8.16743333333333	39.8465613536968
8.175	39.8415623267979
8.18256666666667	39.8363456675237
8.19013333333333	39.8311374112459
8.1977	39.8259648183197
8.20526666666667	39.8208097806106
8.21283333333333	39.8156648104173
8.2204	39.8105318617923
8.22796666666667	39.8054156873538
8.23553333333333	39.8003229725373
8.2431	39.795259638423
8.25066666666667	39.7902278168974
8.2582	39.7852304548025
8.26576666666667	39.8288192411316
8.27333333333333	39.7872474139077
8.2809	39.7721542514416
8.28846666666667	39.7660011652648
8.29603333333333	39.7609683135069
8.3036	39.7561960834332
8.31113333333333	39.7514780156923
8.3187	39.7953402818045
8.32626666666667	39.7540441455975
8.33383333333333	39.7393244563136
8.3414	39.7335653455135
8.34896666666667	39.7289639107028
8.3565	39.7246660937376
8.36406666666667	39.7690036297649
8.37163333333333	39.7281946951356
8.3792	39.7140598875136
8.38676666666667	39.7089410227097
8.39433333333333	39.7050624627756
8.4019	39.7015900442878
8.40946666666667	39.6983385002177
8.41703333333333	39.695319168304
8.4246	39.6925931996571
8.43216666666667	39.6902103947131
8.43973333333333	39.6882155432161
8.4473	39.6866548179793
8.45486666666667	39.6855755165023
8.46246666666667	39.6850284601368
8.47003333333333	39.6366338238599
8.47763333333333	39.6736638233149
8.48523333333333	39.6370149354961
8.4928	39.6284872396427
8.5004	39.678423944991
8.50803333333333	39.6456806084533
8.51563333333333	39.5917995496049
8.52323333333333	39.6322310413505
8.53086666666667	39.6495482556687
8.53846666666667	39.6107900851748
8.5461	39.656269923989
8.55373333333333	39.6291969292116
8.5614	39.6301516509537
8.56903333333333	39.5937437205998
8.5767	39.6435498951274
8.58436666666667	39.6222535205416
8.59203333333333	39.6285350603441
8.5997	39.6459079528766
8.6074	39.6660640139492
8.6151	39.6400263629182
8.6228	39.6388274954259
8.6305	39.6591439422565
8.63823333333333	39.6846365551269
8.64596666666667	39.6644851495138
8.6537	39.6799687108336
8.66143333333333	39.708879245254
8.6692	39.7411281950886
8.67696666666667	39.7275849946464
8.68473333333333	39.7491763811425
8.69253333333333	39.7844481605855
8.70033333333333	39.775549076648
8.70816666666667	39.8016026767286
8.71596666666667	39.7940887307261
8.7238	39.8700455667509
8.73166666666667	39.8803829143644
8.7395	39.8669000832135
8.7474	39.9454124862118
8.75526666666667	39.9132716594161
8.76316666666667	39.9832210435295
8.77106666666667	39.9999233251833
8.779	40.0404327204759
8.78693333333333	40.0470426731987
8.7949	40.0880900844816
8.80283333333333	40.0972363426738
8.81083333333333	40.1876517086262
8.81883333333333	40.168904421892
8.82683333333333	40.201494327171
8.83486666666667	40.2607126825639
8.8429	40.2787000117666
8.85093333333333	40.329646739902
8.85903333333333	40.3959663603361
8.8671	40.3731637836856
8.8752	40.4576080676051
8.88333333333333	40.4951934013747
8.89146666666667	40.5078586111833
8.8996	40.5629196807762
8.90776666666667	40.6350748337557
8.91596666666667	40.6649917118767
8.92416666666667	40.6758458644787
8.93236666666667	40.7343320207758
8.9406	40.8104794508612
8.94886666666667	40.8443658789122
8.95713333333333	40.8620878657403
8.9654	40.9220899774209
8.97366666666667	40.9983828312557
8.98196666666667	41.0771945949113
8.9903	41.110150337421
8.9986	41.1244358497842
9.00693333333333	41.2244190621845
9.01526666666667	41.2667218976777
9.0236	41.3228401318105
9.03196666666667	41.3884951687134
9.0403	41.4090096482233
9.04866666666667	41.4968527151449
9.057	41.5416352835703
9.06536666666667	41.6276323071274
9.0737	41.6514656712997
9.08206666666667	41.7242652805054
9.0904	41.7372334822349
9.09873333333333	41.7992959454948
9.10706666666667	41.8467244411319
9.1154	41.8742570728644
9.12373333333333	41.8932173524428
9.13203333333333	41.9059277345989
9.14033333333333	41.9584883473874
9.14863333333333	41.9822481235568
9.15693333333333	41.9836475425737
9.16523333333333	41.9764990825349
9.1735	41.9638954400512
9.1818	41.9924477773873
9.19006666666667	41.9475503135652
9.19833333333333	41.9513131617016
9.20656666666667	41.9414645880618
9.21483333333333	41.9601166424551
9.22306666666667	41.9034005118585
9.2313	41.8968244623828
9.23953333333333	41.8775809798612
9.24776666666667	41.8425888128472
9.256	41.8035893608716
9.26423333333333	41.7630762302432
9.27243333333333	41.7219155620947
9.28066666666667	41.7265391618475
9.28886666666667	41.6605171977003
9.29706666666667	41.6488196800139
9.30526666666667	41.626268289504
9.31346666666667	41.590405437203
9.32166666666667	41.5527436504951
9.32986666666667	41.5046826240909
9.33803333333333	41.459074180915
9.34623333333333	41.4640498195996
9.3544	41.4074406457032
9.36256666666667	41.4035088980341
9.37076666666667	41.3869876430944
9.37893333333333	41.3151367149926
9.38706666666667	41.3186254134198
9.39523333333333	41.3539385161463
9.4034	41.3034121179385
9.41153333333333	41.2686007913353
9.41966666666667	41.2921870987539
9.42783333333333	41.2891676070559
9.43593333333333	41.2279563706429
9.44406666666667	41.288066511582
9.4522	41.2558899135768
9.4603	41.2303060526634
9.46843333333333	41.261121465164
9.47653333333333	41.2174005075013
9.48463333333333	41.2380487163683
9.4927	41.242121523073
9.5008	41.2811195251107
9.50886666666667	41.2480234843663
9.51696666666667	41.2712735079915
9.52503333333333	41.230214656487
9.5331	41.2517741034724
9.54113333333333	41.2569986056168
9.5492	41.2963596998554
9.55723333333333	41.2577178308911
9.56526666666667	41.2796739330796
9.5733	41.2842199746986
9.58133333333333	41.2761040569273
9.58936666666667	41.2655264312607
9.59736666666667	41.2541112338847
9.6054	41.2890880649348
9.6134	41.2469753839549
9.6214	41.2673353716981
9.6294	41.2694679247037
9.6374	41.2588951931811
9.6454	41.2458858076836
9.65336666666667	41.2321003525339
9.66136666666667	41.2649347957434
9.66933333333333	41.2196974236434
9.6773	41.2386832952105
9.68526666666667	41.2387813890947
9.69323333333333	41.2263617371951
9.7012	41.2116879600962
9.70913333333333	41.1964094272446
9.7171	41.2280646376436
9.72503333333333	41.1814340992566
9.733	41.1996963958055
9.74093333333333	41.1518654540458
9.74886666666667	41.168721338869
9.7568	41.1676761108708
9.76473333333333	41.15457844406
9.77266666666667	41.1394802091143
9.7806	41.1240057956932
9.7885	41.1085441162544
9.79643333333333	41.1404403643037
9.80433333333333	41.0949255333853
9.81226666666667	41.1130373299874
9.82016666666667	41.0652597692127
9.82806666666667	41.0831458443953
9.83596666666667	41.0832753872773
9.84386666666667	41.0714698584584
9.85176666666667	41.0578466518948
9.85966666666667	41.0439687199785
9.86753333333333	41.0301802205041
9.87543333333333	41.0639417234872
9.88333333333333	41.0200501639155
9.8912	40.9925024003699
9.89906666666667	41.0242373311901
9.90693333333333	41.0276465368621
9.91483333333333	41.0174643590526
9.9227	40.9575915615467
9.93056666666667	40.9752827445515
9.9384	40.9766778874647
9.94626666666667	41.0139835610056
9.95413333333333	40.9711493742948
9.962	40.9448023946366
9.96983333333333	40.9300967919666
9.97766666666667	40.964895780266
9.98553333333333	40.969362141335
9.99336666666667	40.9123743204033
10.0012	40.9315458962232
10.0090333333333	40.9334106598154
10.0168666666667	40.9236980175125
10.0247	40.9121631872794
10.0325333333333	40.9002613546305
10.0403666666667	40.8883386496219
10.0482	40.8764445836422
10.056	40.8645611537472
10.0638333333333	40.9003864819169
10.0716333333333	40.8573099890589
10.0794333333333	40.8795374834458
10.0872666666667	40.882017261933
10.0950666666667	40.8249269696981
10.1028666666667	40.845038647281
10.1106666666667	40.8471685005387
10.1184666666667	40.8378328250304
10.1262666666667	40.8267064227835
10.1340666666667	40.8152195468016
10.1418666666667	40.8037136455341
10.1496333333333	40.7922397892806
10.1574333333333	40.828606162561
10.1652333333333	40.7854838190029
10.173	40.7606259886913
10.1808	40.7949017426781
10.1885666666667	40.7514167911676
10.1963333333333	40.7744878570052
10.2041	40.7771656642004
10.2119	40.7682111325539
10.2196666666667	40.7096324917321
10.2274333333333	40.7304094849406
10.2352	40.7327722218927
10.2429333333333	40.7239247998546
10.2507	40.7612990375628
10.2584666666667	40.7182679170427
10.2662333333333	40.6941766552422
10.2739666666667	40.6812403647581
10.2817333333333	40.7179885635851
10.2894666666667	40.6749579610901
10.2972333333333	40.6989659492775
10.3049666666667	40.6538864777464
10.3127333333333	40.6775965891062
10.3204666666667	40.6325668626722
10.3282	40.6564091075816
10.3359333333333	40.6594426149408
10.3436666666667	40.6511238965495
10.3514333333333	40.6411293807314
10.3591666666667	40.5828462578224
10.3668666666667	40.6049013584921
10.3746	40.6558312285404
10.3823333333333	40.615060918654
10.3900666666667	40.5923644666168
10.3978	40.5802665781972
10.4055	40.5698289191835
10.4132333333333	40.6078534377371
10.4209333333333	40.5651546902021
10.4286666666667	40.5903979105905
10.4363666666667	40.5457346591571
10.4441	40.5707325543916
10.4518	40.5261198603271
10.4595	40.5512295116772
10.4672333333333	40.5547783558656
10.4749333333333	40.4990671031058
10.4826333333333	40.5226636999436
10.4903333333333	40.5259917278559
10.4980333333333	40.5185023154251
10.5057333333333	40.5094407288719
10.5134333333333	40.5000831788528
10.5211333333333	40.4907287717428
10.5288333333333	40.481416866316
10.5365333333333	40.4721277108067
10.5442	40.4628573369126
10.5519	40.5018027097604
10.5596	40.4709861241542
10.5672666666667	40.440337201195
10.5749666666667	40.4753090336888
10.5826333333333	40.4436069958867
10.5903333333333	40.4613356769152
10.598	40.4262612016335
10.6057	40.4558253627315
10.6133666666667	40.4111871745465
10.6210333333333	40.4384031253023
10.6287333333333	40.441575431435
10.6364	40.386214656958
10.6440666666667	40.4119938268607
10.6517333333333	40.4149114086358
10.6594	40.4078294813672
10.6670666666667	40.3993594242731
10.6747333333333	40.3905996400552
10.6824	40.3818256860827
10.6900666666667	40.373076669657
10.6977333333333	40.3643352758049
10.7054	40.3555993649725
10.7130666666667	40.3468776977178
10.7207333333333	40.3381782470104
10.7284	40.3295112162271
10.7360333333333	40.3208861489091
10.7437	40.3606262996981
10.7513666666667	40.3173010977234
10.759	40.2974189768324
10.7666666666667	40.3356753779907
10.7743	40.2921725285872
10.7819666666667	40.3207633926284
10.7896	40.2759926815281
10.7972666666667	40.3043830211425
10.8049	40.2596514445465
10.8125333333333	40.2881505110067
10.8202	40.2918393521674
10.8278333333333	40.2372035162721
10.8354666666667	40.264497110589
10.8431333333333	40.2680306052351
10.8507666666667	40.2135035720405
10.8584	40.2409611953535
10.8660333333333	40.2445951901758
10.8736666666667	40.2385246017767
10.8813	40.2311795772093
10.8889333333333	40.2235940083384
10.8965666666667	40.2160211670151
10.9042	40.2084923906942
10.9118333333333	40.2009847263372
10.9194666666667	40.1934937781317
10.9271	40.1860251603692
10.9347333333333	40.1785830735615
10.9423333333333	40.1711740359572
10.9499666666667	40.2122133955683
10.9576	40.1694923354182
10.9652333333333	40.1511581641329
10.9728333333333	40.1423636151981
10.9804666666667	40.1832683860945
10.9880666666667	40.1406387429221
10.9957	40.1708651001497
11.0033333333333	40.1267484157146
11.0109333333333	40.1083519120556
11.0185666666667	40.1481364132297
11.0261666666667	40.1053633068497
11.0337666666667	40.1357408273335
11.0414	40.1401942241249
11.049	40.0864814219685
11.0566333333333	40.1154569342443
11.0642333333333	40.0713016154383
11.0718333333333	40.1016032351771
11.0794666666667	40.1061770616179
11.0870666666667	40.0526174350246
11.0946666666667	40.0817581376506
11.1022666666667	40.0861375378825
11.1098666666667	40.0810798483384
11.1174666666667	40.0748126089606
11.1251	40.068304683998
11.1327	40.0133650735057
11.1403	40.0424319469453
11.1479	40.0468915024323
11.1555	40.041937405687
11.1631	40.035767741042
11.1707	40.029371095717
11.1783	40.022993911953
11.1858666666667	40.0166655858912
11.1934666666667	40.058853718825
11.2010666666667	40.0165835902674
11.2086666666667	39.9996445305539
11.2162666666667	39.9919491508545
11.2238666666667	39.9854467770684
11.2314333333333	39.9792038177651
11.2390333333333	40.0214766353577
11.2466333333333	39.9792521184786
11.2542	39.9624469526116
11.2618	40.0033723164217
11.2694	39.9609824283775
11.2769666666667	39.9442843288934
11.2845666666667	39.9852990461004
11.2921666666667	39.9429507960715
11.2997333333333	39.9263250138534
11.3073333333333	39.9674092133475
11.3149	39.9251263704148
11.3225	39.9570867542394
11.3300666666667	39.913707363533
11.3376666666667	39.9454968636966
11.3452333333333	39.9021548949107
11.3528333333333	39.9340286942638
11.3604	39.8907370071766
11.368	39.9226774534001
11.3755666666667	39.8794435251987
11.3831333333333	39.9114643775519
11.3907333333333	39.9168010115602
11.3983	39.8642826282553
11.4058666666667	39.8952620865101
11.4134333333333	39.9004724614128
11.4210333333333	39.8965470428563
11.4286	39.8430081191616
11.4361666666667	39.8739135245862
11.4437333333333	39.8792205308379
11.4513333333333	39.8754365347498
11.4589	39.8220455479246
11.4664666666667	39.8531321599359
11.4740333333333	39.8586105620084
11.4816333333333	39.8550420650369
11.4892	39.8019109879014
11.4967666666667	39.8333164539314
11.5043333333333	39.8391285582323
11.5119	39.8359671145032
11.5195	39.8318092455888
11.5270666666667	39.779109462675
11.5346333333333	39.8113065199032
11.5422333333333	39.8180426750894
11.5498	39.7674925222985
11.5574	39.8008418093344
11.5649666666667	39.7601503336076