-0.63	14.7276
-0.6236	14.7293146135421
-0.6172	14.7535581046454
-0.6108	14.7734296459794
-0.6044	14.7910208697767
-0.598	14.8068388331594
-0.591366666666667	14.8222805804298
-0.584533333333333	14.8337258505744
-0.577533333333333	14.842626935425
-0.570466666666667	14.8503967626475
-0.5633	14.857811077723
-0.556033333333333	14.8657549935401
-0.548766666666667	14.8734386791052
-0.541433333333333	14.8811355781454
-0.5341	14.8889567127385
-0.5267	14.8965659531714
-0.5193	14.9042511950752
-0.5119	14.911243760348
-0.504466666666667	14.9179846285156
-0.497033333333333	14.9236959813215
-0.4896	14.9288687049898
-0.482133333333333	14.9333856654457
-0.474666666666667	14.9365793026313
-0.4672	14.9390786956433
-0.4597	14.9408799170815
-0.4522	14.9413038473799
-0.444666666666667	14.941067684349
-0.437166666666667	14.9401081711503
-0.429633333333333	14.938148175308
-0.4221	14.9356437666402
-0.414566666666667	14.9326996381383
-0.407	14.9293700338617
-0.399466666666667	14.9256080651453
-0.3919	14.9211105714548
-0.384333333333333	14.9163492926423
-0.376766666666667	14.9114261830737
-0.3692	14.9064107566396
-0.3616	14.9013090209528
-0.354033333333333	14.8960731565712
-0.346433333333333	14.8903668325443
-0.338833333333333	14.8846571362915
-0.331233333333333	14.8790297725377
-0.323633333333333	14.8735367400477
-0.316033333333333	14.8681954302533
-0.308433333333333	14.8630164058509
-0.300833333333333	14.8580091734157
-0.293233333333333	14.8531826059484
-0.285633333333333	14.8485447311878
-0.278033333333333	14.8441023759947
-0.270433333333333	14.8398610629147
-0.2628	14.8358009688209
-0.2552	14.8318374234441
-0.2476	14.8281956157753
-0.24	14.8248064558702
-0.2324	14.8216263886388
-0.2248	14.8186468470717
-0.217166666666667	14.8158474924126
-0.209566666666667	14.8131262922248
-0.201966666666667	14.81071035175
-0.194366666666667	14.8085251995549
-0.186766666666667	14.806522827424
-0.179166666666667	14.804690538137
-0.171566666666667	14.8030222743805
-0.163966666666667	14.8015122876145
-0.156366666666667	14.8001541888384
-0.1488	14.7989516674229
-0.1412	14.7980112134856
-0.1336	14.7970881404958
-0.126	14.7962443032952
-0.1184	14.7955123944116
-0.110833333333333	14.7948992659299
-0.103233333333333	14.7945166436716
-0.0956666666666667	14.794122766174
-0.0880666666666667	14.7939006267616
-0.0804666666666667	14.7936422835191
-0.0729	14.7934232663001
-0.0653	14.7934007281874
-0.0577333333333333	14.793901693015
-0.0501333333333334	14.79448811476
-0.0425666666666667	14.7949592129871
-0.035	14.7955266809831
-0.0274	14.7961164308867
-0.0198333333333333	14.7965597514844
-0.0122666666666666	14.7970995088576
-0.00466666666666669	14.7976650764535
0.00289999999999999	14.7980870090532
0.0104666666666667	14.7986057691646
0.0180333333333333	14.7991524092072
0.0256333333333333	14.7996844347099
0.0332	14.8000653878603
0.0407666666666666	14.8005416761148
0.0483333333333333	14.8010451326995
0.0559	14.8015356500914
0.0634666666666667	14.8020070157108
0.0710333333333333	14.8024594313924
0.0786333333333334	14.8028906272425
0.0862	14.8031701874893
0.0937666666666667	14.8035393485839
0.101333333333333	14.803925633269
0.1089	14.8042851485484
0.116466666666667	14.8046084547505
0.124033333333333	14.80489262726
0.1316	14.8051358138791
0.139166666666667	14.8053352922257
0.146733333333333	14.8054872944626
0.1543	14.8055872187283
0.161866666666667	14.8056295284578
0.169433333333333	14.8056077823248
0.177	14.805514020637
0.184566666666667	14.8053390268833
0.192133333333333	14.8050719291455
0.1997	14.8046997525767
0.207266666666667	14.8042070938736
0.214833333333333	14.8035755762739
0.2224	14.8027832437792
0.229933333333333	14.8018146312943
0.2375	14.8007527847508
0.245066666666667	14.7993262914715
0.252633333333333	14.7975587719884
0.2602	14.7954365789901
0.267766666666667	14.7929039254282
0.275333333333333	14.7898870462677
0.2829	14.7862981818653
0.290466666666667	14.7820352227282
0.298033333333333	14.7769796824173
0.305633333333333	14.7709584380505
0.3132	14.7637491393457
0.320766666666667	14.7553794813025
0.328333333333333	14.7455818732224
0.3359	14.7340901773059
0.3435	14.7205748845727
0.351066666666667	14.7047762430657
0.358666666666667	14.6864736857715
0.366266666666667	14.6647293070851
0.373833333333333	14.6399985831586
0.381433333333333	14.6118733041726
0.389066666666667	14.5797867893239
0.396666666666667	14.5437030569251
0.4043	14.5032671583995
0.411933333333333	14.457807844014
0.4196	14.4075037571488
0.427266666666667	14.3519388463669
0.434933333333333	14.2916816849065
0.442633333333333	14.2265124042788
0.450366666666667	14.1559661080896
0.4581	14.0805544319769
0.4659	14.0003477794035
0.4737	13.9158478565041
0.481533333333333	13.8271550129612
0.489433333333333	13.734231163673
0.497366666666667	13.6374642716314
0.505333333333333	13.5378257557709
0.513366666666667	13.4354128235295
0.521466666666667	13.3303191848963
0.529633333333333	13.223118036613
0.537866666666667	13.1144588418979
0.5462	13.004630035568
0.554566666666667	12.8951107141129
0.563066666666667	12.7850461481644
0.571666666666667	12.6755888031485
0.580333333333333	12.5685876633224
0.589133333333333	12.4632309361623
0.598033333333333	12.3615313086234
0.607066666666667	12.2643082483492
0.6162	12.1727389950838
0.625466666666667	12.0886683018334
0.634833333333333	12.0132720982642
0.644333333333333	11.9486390696088
0.653933333333333	11.896011337376
0.663633333333333	11.857890217856
0.673433333333333	11.835969285989
0.6833	11.8315803817918
0.6932	11.8465852624745
0.703166666666667	11.8824401037609
0.7131	11.9378623280941
0.723033333333333	12.0122071585488
0.732933333333333	12.1048532624836
0.742733333333333	12.2122755695827
0.752433333333333	12.3336360327226
0.762033333333333	12.4652262018121
0.7715	12.6027876523331
0.780833333333333	12.7442556418673
0.79	12.886019969239
0.799	13.026895355822
0.807866666666667	13.1654929122019
0.816566666666667	13.2985320407784
0.825133333333333	13.4268630542715
0.833566666666667	13.548721785648
0.841866666666667	13.6636279325553
0.850066666666667	13.7720896127807
0.858166666666667	13.8731907943793
0.866166666666667	13.967267867898
0.8741	14.055099111687
0.881933333333333	14.1357317061002
0.889733333333333	14.2105446559008
0.897466666666667	14.2792328743944
0.905166666666667	14.3426623744854
0.9128	14.4001655445336
0.920433333333333	14.4528784281742
0.928033333333333	14.5006302967295
0.9356	14.5439385105528
0.943166666666667	14.583348462751
0.9507	14.6182946838994
0.958233333333333	14.6499850237992
0.965766666666667	14.6780396851341
0.9733	14.7027810896989
0.9808	14.724429799182
0.988333333333333	14.7435172125211
0.995833333333333	14.7600053071469
1.00336666666667	14.774376966122
1.01086666666667	14.7866067656064
1.0184	14.7971153924964
1.02593333333333	14.8058681798057
1.03346666666667	14.8130868904968
1.041	14.8189530957111
1.04853333333333	14.8236111450169
1.05606666666667	14.8271920983516
1.06363333333333	14.8298201846524
1.07116666666667	14.8314553224286
1.07873333333333	14.8319044548571
1.0863	14.831669810294
1.09386666666667	14.8309023168003
1.10143333333333	14.8297115415467
1.109	14.8281670976389
1.1166	14.8263120771535
1.12416666666667	14.8240909435194
1.13173333333333	14.8217891359791
1.13933333333333	14.8193639197366
1.14693333333333	14.8161374785827
1.1545	14.8128921113839
1.1621	14.8097905812556
1.1697	14.8066300455625
1.1773	14.8034920895279
1.18486666666667	14.8004517983891
1.19246666666667	14.7976246523485
1.20006666666667	14.7947940974059
1.20766666666667	14.7920372787999
1.21526666666667	14.7894030039342
1.22286666666667	14.7869042510301
1.23046666666667	14.7845457618637
1.23806666666667	14.7823296569381
1.24566666666667	14.7802572799028
1.25326666666667	14.7783296081293
1.26086666666667	14.7765465229063
1.26843333333333	14.7749199071754
1.27603333333333	14.7735579423165
1.28363333333333	14.7722226054448
1.29123333333333	14.770979799508
1.29883333333333	14.7698666461679
1.3064	14.7688950560305
1.314	14.7681762274597
1.3216	14.7674641335334
1.3292	14.7668218567287
1.33676666666667	14.7662922676359
1.34436666666667	14.7659967398472
1.35196666666667	14.7656870062747
1.35953333333333	14.7654318124951
1.36713333333333	14.7653891385571
1.3747	14.7653218544419
1.3823	14.7654181670587
1.38986666666667	14.7654731382486
1.39746666666667	14.7662497115871
1.40503333333333	14.7669091114744
1.4126	14.7676662809249
1.4202	14.7684485530031
1.42776666666667	14.769085248377
1.43533333333333	14.7698218934688
1.44293333333333	14.7705889606923
1.4505	14.7712141499533
1.45806666666667	14.7719403839133
1.46566666666667	14.7726963478763
1.47323333333333	14.7733091202126
1.4808	14.7740205835103
1.48836666666667	14.7747615694398
1.49593333333333	14.7754918211649
1.5035	14.7762051154486
1.5111	14.7768993249365
1.51866666666667	14.7774429310311
1.52623333333333	14.7780841930821
1.5338	14.7787538613939
1.54136666666667	14.7794105108192
1.54893333333333	14.7800474192186
1.5565	14.7806649988324
1.56406666666667	14.781264436579
1.57163333333333	14.7818466250114
1.5792	14.7824120455034
1.58676666666667	14.7829609916589
1.59433333333333	14.7834937033508
1.6019	14.7840104971892
1.60946666666667	14.7845114321358
1.61703333333333	14.7849968495216
1.6246	14.7854671647142
1.63216666666667	14.7859228138873
1.63973333333333	14.7863642575512
1.6473	14.7867919819569
1.65486666666667	14.7872064978669
1.6624	14.7876121682216
1.66996666666667	14.7881379762989
1.67753333333333	14.7885411816987
1.6851	14.7888910078236
1.69266666666667	14.7892272703634
1.70023333333333	14.78955697012
1.7078	14.7898803086946
1.71536666666667	14.7901964457906
1.72293333333333	14.7905050827562
1.73046666666667	14.7908106646269
1.73803333333333	14.7912409892124
1.7456	14.7915538621533
1.75316666666667	14.7918183042975
1.76073333333333	14.7920742294809
1.7683	14.7923285216302
1.77586666666667	14.7925812298859
1.7834	14.7928358711911
1.79096666666667	14.7933374500844
1.79853333333333	14.7936339534817
1.8061	14.7938504017748
1.81366666666667	14.7940511314055
1.82123333333333	14.7942546605223
1.82876666666667	14.7944670274601
1.83633333333333	14.7949298665671
1.8439	14.7951934944549
1.85146666666667	14.7953803456371
1.85903333333333	14.7955543138614
1.8666	14.7957334909124
1.87413333333333	14.7959234430787
1.8817	14.7963640873245
1.88926666666667	14.7966088925004
1.89683333333333	14.7967785534524
1.90436666666667	14.7969418041548
1.91193333333333	14.7973568653761
1.9195	14.7975813834605
1.92706666666667	14.7977341168635
1.93463333333333	14.7978778103434
1.94216666666667	14.7980344448301
1.94973333333333	14.7984436518973
1.9573	14.7986623648394
1.96486666666667	14.7988082786264
1.9724	14.7989499979485
1.97996666666667	14.7993432682215
1.98753333333333	14.7995493918261
1.9951	14.7996847762893
2.00263333333333	14.7998173552323
2.0102	14.8002015685934
2.01776666666667	14.8004000145202
2.02533333333333	14.8005282961644
2.03286666666667	14.8007691288085
2.04043333333333	14.8011775799023
2.048	14.8013621916311
2.05553333333333	14.8015872193091
2.0631	14.8019644000146
2.07066666666667	14.8021212082704
2.07823333333333	14.8023186380119
2.08576666666667	14.8024340904235
2.09333333333333	14.8027676732759
2.1009	14.8029117047604
2.10843333333333	14.803110157387
2.116	14.8034645043431
2.12356666666667	14.8036006316825
2.1311	14.8037818122611
2.13866666666667	14.8041197439766
2.14623333333333	14.8043581902061
2.1538	14.8045532504307
2.16133333333333	14.8047457178354
2.1689	14.8050636254175
2.17646666666667	14.8052733968166
2.184	14.8054465158302
2.19156666666667	14.8057420880104
2.19913333333333	14.8059320810316
2.20666666666667	14.8060885619589
2.21423333333333	14.8063695683841
2.2218	14.8065464871861
2.22933333333333	14.8066910533571
2.2369	14.8069609398749
2.24446666666667	14.8071276160294
2.252	14.8072624683264
2.25956666666667	14.8075232283545
2.26713333333333	14.8076814097749
2.27466666666667	14.8078083701366
2.28223333333333	14.8080617093374
2.2898	14.8082129700547
2.29733333333333	14.8083335096194
2.3049	14.8085808332198
2.31246666666667	14.8087265156491
2.32	14.8088419143323
2.32756666666667	14.8090844549283
2.3351	14.8092308604723
2.34266666666667	14.8094682662249
2.35023333333333	14.8095996377438
2.35776666666667	14.8097021958629
2.36533333333333	14.8099336728451
2.3729	14.8100653295392
2.38043333333333	14.8101681068511
2.388	14.8103986913247
2.39556666666667	14.810528874079
2.4031	14.8106300448671
2.41066666666667	14.8108590618617
2.4182	14.8109929924171
2.42576666666667	14.8112187794736
2.43333333333333	14.8113394134703
2.44086666666667	14.8114320759937
2.44843333333333	14.811654309588
2.456	14.8117774266302
2.46353333333333	14.8118723401485
2.4711	14.8120955784334
2.47863333333333	14.8122241742922
2.4862	14.8124449930242
2.49376666666667	14.8125607407655
2.5013	14.8126488087482
2.50886666666667	14.8128666649832
2.5164	14.8129908503961
2.52396666666667	14.8132076875368
2.53153333333333	14.8133196981898
2.53906666666667	14.8134041783628
2.54663333333333	14.8136185674234
2.55416666666667	14.8137391505211
2.56173333333333	14.8139524293542
2.5693	14.8140609791785
2.57683333333333	14.8141420812776
2.5844	14.8143531148044
2.59193333333333	14.8144704107317
2.5995	14.814680424709
2.60703333333333	14.8147910459606
2.6146	14.8149947826532
2.62216666666667	14.8150953336194
2.6297	14.8151691539733
2.63726666666667	14.8153733085255
2.6448	14.8154840445641
2.65236666666667	14.8156876250391
2.6599	14.8157920442468
2.66746666666667	14.8159894218029
2.67503333333333	14.8160837451087
2.68256666666667	14.816151514714
2.69013333333333	14.8163497032788
2.69766666666667	14.8164546355429
2.70523333333333	14.8166525008264
2.71276666666667	14.8167513702483
2.72033333333333	14.8169432949817
2.7279	14.8170323136505
2.73543333333333	14.8170949429077
2.743	14.8172880893926
2.75053333333333	14.8173881507792
2.7581	14.8175812513277
2.76563333333333	14.8176755227141
2.7732	14.8178629495337
2.78073333333333	14.8179529780286
2.7883	14.8181370278799
2.79583333333333	14.8182241126897
2.8034	14.8184053952591
2.81096666666667	14.8184844285811
2.8185	14.8185375603812
2.82606666666667	14.8187211660156
2.8336	14.8188120315504
2.84116666666667	14.8189958791413
2.8487	14.8190811683235
2.85626666666667	14.8192597801362
2.8638	14.8193412479613
2.87136666666667	14.819516870909
2.8789	14.8195957671796
2.88646666666667	14.8197689959193
2.894	14.8198456132463
2.90156666666667	14.8200166796623
2.9091	14.8200909731177
2.91666666666667	14.8202597586087
2.9242	14.8203318641022
2.93176666666667	14.8204985088937
2.9393	14.8205685363296
2.94686666666667	14.8207331378076
2.95443333333333	14.8207957135669
2.96196666666667	14.8208328771721
2.96953333333333	14.8210008249766
2.97706666666667	14.8210765384197
2.98463333333333	14.8212455494681
2.99216666666667	14.8213165055672
2.99973333333333	14.8214811103253
3.00726666666667	14.8215490762309
3.01483333333333	14.8217115308526
3.02236666666667	14.8217777573977
3.02993333333333	14.821938646387
3.03746666666667	14.8220034037381
3.04503333333333	14.8221629239038
3.05256666666667	14.8222261210267
3.06013333333333	14.8229478003886
3.06766666666667	14.8235020283796
3.07523333333333	14.8240930915076
3.08276666666667	14.8245294307771
3.09033333333333	14.8250107109507
3.09786666666667	14.8253438998358
3.10543333333333	14.8257252859125
3.11296666666667	14.8259608695557
3.1205	14.8262482611281
3.12806666666667	14.8265104193274
3.1356	14.8265867586383
3.14316666666667	14.8266973916898
3.1507	14.8266513840454
3.15826666666667	14.8266331784066
3.1658	14.826443919233
3.17336666666667	14.8262620546257
3.1809	14.8258869967049
3.18846666666667	14.8254909112852
3.196	14.8248701612856
3.20356666666667	14.8241879206266
3.2111	14.8232359184453
3.21866666666667	14.8221650729024
3.2262	14.8207602241987
3.23373333333333	14.8191685335009
3.2413	14.8172537630535
3.24883333333333	14.8148198825575
3.2564	14.8114363681862
3.26396666666667	14.8073467741347
3.2715	14.802626342987
3.27906666666667	14.7974107109908
3.2866	14.7911988586575
3.29416666666667	14.7840064788211
3.30173333333333	14.775506567084
3.3093	14.7655748877078
3.31683333333333	14.7540858284219
3.3244	14.7408018956526
3.33196666666667	14.7252782614646
3.33953333333333	14.7072851335038
3.34713333333333	14.6864465310082
3.3547	14.662542797902
3.3623	14.6352439313123
3.3699	14.6036804980513
3.3775	14.5681808597965
3.3851	14.5285212494955
3.39273333333333	14.4842735938141
3.40036666666667	14.4348820297532
3.408	14.3808477093044
3.41566666666667	14.3218932289365
3.42333333333333	14.2577652844279
3.43106666666667	14.1880322874545
3.43876666666667	14.1141474567203
3.44653333333333	14.0351064811316
3.45433333333333	13.9513820725083
3.46216666666667	13.8633320054814
3.47	13.7718206914947
3.47793333333333	13.6761225484343
3.48586666666667	13.5778386435586
3.49386666666667	13.476306351346
3.50193333333333	13.3724495743413
3.51006666666667	13.2663832693052
3.51826666666667	13.1587408926516
3.52653333333333	13.0502002095654
3.5349	12.9410735168644
3.54333333333333	12.8319429589205
3.55186666666667	12.7238317750307
3.56053333333333	12.616635322865
3.56926666666667	12.5121944075295
3.5781	12.4112522261244
3.58706666666667	12.3146187271045
3.59613333333333	12.2233042351163
3.60533333333333	12.1390949118527
3.61466666666667	12.0627845704089
3.6241	11.9969045422386
3.63363333333333	11.9424828484812
3.64326666666667	11.9018922615428
3.65296666666667	11.8768274606878
3.66276666666667	11.8687750148365
3.67263333333333	11.8794981220703
3.6825	11.9092845200698
3.6924	11.9592234529487
3.7023	12.0288004730833
3.71213333333333	12.1155890077575
3.7219	12.219369288453
3.7316	12.3368830610839
3.74116666666667	12.4635696031269
3.75063333333333	12.5989644223769
3.75993333333333	12.7372688694741
3.7691	12.878490369374
3.77813333333333	13.0186863343142
3.787	13.1562151504813
3.7957	13.2889664408199
3.80426666666667	13.4174460433464
3.81273333333333	13.5401934654374
3.82103333333333	13.6555189645669
3.82923333333333	13.7638551247505
3.83733333333333	13.8657824756988
3.84536666666667	13.9611076201991
3.85326666666667	14.0491460108051
3.86113333333333	14.1311811920814
3.86893333333333	14.2066510200443
3.87666666666667	14.2761083957303
3.88436666666667	14.3403446783873
3.89203333333333	14.3988816264773
3.89966666666667	14.4521428365597
3.90723333333333	14.5003684473759
3.91483333333333	14.5447558619853
3.92236666666667	14.5845960709707
3.92993333333333	14.6204508888904
3.93743333333333	14.6526146978781
3.94496666666667	14.681391078404
3.9525	14.7067827098404
3.96	14.7290351760762
3.9675	14.7491987650324
3.97503333333333	14.7668873538787
3.98253333333333	14.7821024452851
3.99006666666667	14.7953448865328
3.99756666666667	14.8065443161481
4.0051	14.8161691777605
4.0126	14.8235444261545
4.02013333333333	14.8297223273007
4.02766666666667	14.8345888828067
4.0352	14.838344944586
4.04273333333333	14.8411464360838
4.0503	14.84310733436
4.05783333333333	14.8441817110202
4.0654	14.8447111066503
4.07296666666667	14.8440220138496
4.0805	14.8428955985432
4.08806666666667	14.8415441710081
4.09563333333333	14.8397898565158
4.10323333333333	14.8377358275184
4.1108	14.8353623443695
4.11836666666667	14.8329532138432
4.12593333333333	14.8304768785165
4.13353333333333	14.8279076158833
4.1411	14.8251695574359
4.1487	14.8225018271087
4.1563	14.8191878690827
4.16386666666667	14.8159611220744
4.17146666666667	14.81296245063
4.17906666666667	14.8099774452512
4.18663333333333	14.8070982026129
4.19423333333333	14.8044674740545
4.20183333333333	14.8018671035175
4.2094	14.7993852901122
4.217	14.7971656652362
4.2246	14.794984791934
4.23216666666667	14.7929234700146
4.23976666666667	14.7911294638761
4.24736666666667	14.7893739722949
4.25496666666667	14.787722697451
4.26253333333333	14.7862246392615
4.27013333333333	14.7849929997715
4.2777	14.7837978934799
4.2853	14.7828163899399
4.2929	14.7818461435586
4.30046666666667	14.7809666618441
4.30806666666667	14.7803302588673
4.31563333333333	14.7797052506435
4.32323333333333	14.7798394911383
4.3308	14.7799003168834
4.33836666666667	14.7800987651212
4.34596666666667	14.780359737988
4.35353333333333	14.7805170769866
4.36113333333333	14.7808079017159
4.3687	14.7810348054113
4.37626666666667	14.7814033262912
4.38383333333333	14.7818368776461
4.39143333333333	14.7822898076515
4.399	14.782625231855
4.40656666666667	14.78308831495
4.41413333333333	14.7836093210572
4.4217	14.7841458260109
4.42926666666667	14.7846894361332
4.43683333333333	14.7852385990082
4.44443333333333	14.7857893371211
4.452	14.7862096580375
4.45956666666667	14.7867444585399
4.46713333333333	14.7873228117865
4.4747	14.7879022024244
4.48226666666667	14.7884746742566
4.48983333333333	14.7890390751058
4.4974	14.7895956498692
4.50493333333333	14.7901473656325
4.5125	14.7908234649371
4.52006666666667	14.7913792977197
4.52763333333333	14.7918829275422
4.5352	14.7923730356656
4.54276666666667	14.7928553303896
4.55033333333333	14.7933290812102
4.5579	14.7937926554532
4.56546666666667	14.7942450465839
4.573	14.7946894443435
4.58056666666667	14.7952543922634
4.58813333333333	14.7956966254428
4.5957	14.7960848274511
4.60326666666667	14.796458598466
4.61083333333333	14.7968246043738
4.61836666666667	14.7971867708866
4.62593333333333	14.7976719070471
4.6335	14.7980367895802
4.64106666666667	14.7983500319319
4.64863333333333	14.7986510599558
4.65616666666667	14.7989509644717
4.66373333333333	14.7993770004141
4.6713	14.7996861030492
4.67886666666667	14.7999464249779
4.68643333333333	14.8001971526242
4.69396666666667	14.8004494867496
4.70153333333333	14.8009478636709
4.7091	14.8012418205685
4.71666666666667	14.8014539500409
4.7242	14.8016536132177
4.73176666666667	14.8021019518565
4.73933333333333	14.8023533531809
4.7469	14.802527744846
4.75443333333333	14.8026936415235
4.762	14.8031099432337
4.76956666666667	14.8033329255841
4.7771	14.8034862074287
4.78466666666667	14.803873246231
4.79223333333333	14.8040688357901
4.7998	14.8041933741792
4.80733333333333	14.8043145700735
4.8149	14.8046879272042
4.82246666666667	14.8048730565247
4.83	14.8049916418945
4.83756666666667	14.8053450133734
4.84513333333333	14.8055108601352
4.8527	14.8056078612758
4.86023333333333	14.8057038765014
4.8678	14.8060523714676
4.87536666666667	14.8062160705349
4.8829	14.8063150554849
4.89046666666667	14.8066490150209
4.89803333333333	14.806798473337
4.90556666666667	14.8068858196466
4.91313333333333	14.8072097448767
4.9207	14.8073511534972
4.92823333333333	14.8075461206568
4.9358	14.8078950080098
4.94336666666667	14.8080229369712
4.9509	14.8081943961447
4.95846666666667	14.8085217054445
4.96603333333333	14.8086319946515
4.97356666666667	14.8087882252021
4.98113333333333	14.8091022491608
4.9887	14.8092011919825
4.99623333333333	14.8093468262782
5.0038	14.8096511350964
5.01136666666667	14.8097415665898
5.0189	14.8098789408682
5.02646666666667	14.8101755739758
5.03403333333333	14.8103748959425
5.04156666666667	14.8105372919254
5.04913333333333	14.8108201587584
5.05666666666667	14.8110009199963
5.06423333333333	14.8112681345092
5.0718	14.8114253871063
5.07933333333333	14.8115503780323
5.0869	14.8118013913413
5.09446666666667	14.8119498853166
5.102	14.8120670064959
5.10956666666667	14.8123097136845
5.1171	14.8124550407415
5.12466666666667	14.8126902317704
5.13223333333333	14.8128180683334
5.13976666666667	14.8129160754902
5.14733333333333	14.8131419886981
5.1549	14.8132671989051
5.16243333333333	14.8133627201196
5.17	14.8135851840489
5.17753333333333	14.8137117507604
5.1851	14.8139293588742
5.19266666666667	14.8140408430581
5.2002	14.8141237156347
5.20776666666667	14.8143354786412
5.2153	14.8144528413482
5.22286666666667	14.8146621336032
5.23043333333333	14.814766012435
5.23796666666667	14.8148418868414
5.24553333333333	14.8150471721019
5.25306666666667	14.8151583299405
5.26063333333333	14.8153618198862
5.26816666666667	14.8154656567963
5.27573333333333	14.8156623331374
5.2833	14.8157556346846
5.29083333333333	14.8158220958981
5.2984	14.8160187475542
5.30593333333333	14.8161219495551
5.3135	14.8163179231942
5.32106666666667	14.8164094269932
5.3286	14.8164735234454
5.33616666666667	14.8166676515889
5.3437	14.8167684050186
5.35126666666667	14.8169620514018
5.3588	14.8170566836816
5.36636666666667	14.8172446325748
5.37393333333333	14.8173297291396
5.38146666666667	14.8173884922617
5.38903333333333	14.8175778140635
5.39656666666667	14.8176741376742
5.40413333333333	14.8178635586378
5.41166666666667	14.8179542405887
5.41923333333333	14.8181381327058
5.42676666666667	14.8182247082996
5.43433333333333	14.8184053518698
5.4419	14.8184837037011
5.44943333333333	14.8185360873545
5.457	14.8187191788602
5.46453333333333	14.8188095225864
5.4721	14.8189928164088
5.47963333333333	14.8190775335715
5.4872	14.8192555649362
5.49473333333333	14.8193364441559
5.5023	14.8195114701412
5.50983333333333	14.8195897573164
5.5174	14.8197623636675
5.52493333333333	14.8198383440931
5.5325	14.8200087597811
5.54006666666667	14.8200769468267
5.5476	14.8201195273418
5.55516666666667	14.8202927769375
5.5627	14.8203736031637
5.57026666666667	14.8205476045296
5.5778	14.8206233615479
5.58536666666667	14.8207926435957
5.5929	14.8208651038872
5.60046666666667	14.8210319375107
5.608	14.8211023769909
5.61556666666667	14.8212673816815
5.6231	14.8213361144753
5.63066666666667	14.8214995392477
5.6382	14.8215665339653
5.64576666666667	14.8217282711707
5.6533	14.821793671766
5.66086666666667	14.821953866694
5.6684	14.822017784913
5.67596666666667	14.8221765352546
5.6835	14.8222390660403
5.69106666666667	14.8223964705758
5.6986	14.822457717526
5.70616666666667	14.8226138860691
5.7137	14.8226739651618
5.72126666666667	14.8228290209304
5.7288	14.822888058749
5.73636666666667	14.8230421308394
5.7439	14.8231002559646
5.75146666666667	14.8238172322467
5.759	14.8243689965884
5.76656666666667	14.8249639279138
5.7741	14.8254141025263
5.78166666666667	14.8259226958157
5.7892	14.8262996434314
5.79676666666667	14.8267449724067
5.8043	14.8270674769601
5.81186666666667	14.8274651521392
5.8194	14.827746150539
5.82696666666667	14.828107085079
5.8345	14.8283557429145
5.84206666666667	14.8286877613677
5.8496	14.8289107229452
5.85713333333333	14.8292236364259
5.8647	14.8295525463423
5.87223333333333	14.8297397303422
5.8798	14.8300110933046
5.88733333333333	14.8301799100827
5.8949	14.830440093906
5.90243333333333	14.830598657421
5.91	14.8308482649372
5.91753333333333	14.8309964605892
5.92506666666667	14.8312405429365
5.93263333333333	14.8315058757676
5.94016666666667	14.8316345123089
5.94773333333333	14.8318514183279
5.95526666666667	14.831970040289
5.9628	14.8321878547849
5.97036666666667	14.8324292688876
5.9779	14.8325359323521
5.98546666666667	14.8327322872583
5.993	14.8328315220724
6.00056666666667	14.8330265869986
6.0081	14.8331245265563
6.01563333333333	14.8333218111447
6.0232	14.8335432360718
6.03073333333333	14.8336310171289
6.0383	14.8338095042277
6.04583333333333	14.8338915415607
6.05336666666667	14.8340709144263
6.06093333333333	14.8342678452059
6.06846666666667	14.8343208663969
6.076	14.834455339007
6.08356666666667	14.8345976727101
6.0911	14.8345883348334
6.09866666666667	14.834645949094
6.1062	14.8345808862209
6.11373333333333	14.8345851406443
6.1213	14.8345762238064
6.12883333333333	14.8343922893205
6.1364	14.8342468792107
6.14393333333333	14.8339482350493
6.15146666666667	14.8336816491606
6.15903333333333	14.833356328576
6.16656666666667	14.8328053353712
6.17413333333333	14.8322286900529
6.18166666666667	14.8314272424709
6.1892	14.8305699812108
6.19676666666667	14.8295464280354
6.2043	14.8281772101432
6.21186666666667	14.826630273828
6.2194	14.8246892209399
6.22693333333333	14.8224852478124
6.2345	14.8198623673588
6.24203333333333	14.8164990519927
6.2496	14.8126878179164
6.25713333333333	14.8080144257519
6.2647	14.802120441886
6.27226666666667	14.7951230655485
6.2798	14.7870211820086
6.28736666666667	14.7777176817272
6.29493333333333	14.7668141460849
6.30246666666667	14.7541995412989
6.31003333333333	14.7396405461113
6.3176	14.7226921656816
6.32516666666667	14.7031144199973
6.33276666666667	14.6805154132826
6.34033333333333	14.6546884366385
6.34793333333333	14.6252860051222
6.35553333333333	14.5914627720308
6.36313333333333	14.5535554921339
6.37073333333333	14.5113613334165
6.37836666666667	14.4644675791278
6.386	14.4123692268663
6.39366666666667	14.3553191071042
6.40133333333333	14.2930496610325
6.40903333333333	14.2258901794639
6.41673333333333	14.1537808964395
6.42446666666667	14.0771274359449
6.43223333333333	13.9956849597897
6.44006666666667	13.9093553451039
6.4479	13.8192567357983
6.45576666666667	13.7255683939197
6.4637	13.6283111519224
6.4717	13.5274523012204
6.47973333333333	13.4243925277055
6.4878	13.3193863402439
6.49596666666667	13.2121090038086
6.5042	13.1035685864531
6.51253333333333	12.9940421696992
6.52093333333333	12.8846793377793
6.5294	12.7757792504849
6.538	12.6674990981055
6.5467	12.5610919750934
6.5555	12.4576043081847
6.5644	12.358218401147
6.57343333333333	12.2638009832731
6.58256666666667	12.1755561325635
6.59183333333333	12.0951470852206
6.6012	12.0237598637864
6.61066666666667	11.9637237392376
6.62026666666667	11.9158064545559
6.62996666666667	11.8824386067222
6.63973333333333	11.8652883294667
6.64956666666667	11.8666904231036
6.65943333333333	11.8873240295216
6.66933333333333	11.9282611510257
6.67923333333333	11.9885726179723
6.6891	12.0675609100895
6.69893333333333	12.1640972329028
6.70866666666667	12.2743658095651
6.7183	12.3974704233428
6.72783333333333	12.5297692944296
6.73723333333333	12.6671299560362
6.74646666666667	12.8071102802151
6.75556666666667	12.9486772520772
6.7645	13.0875579613557
6.7733	13.2237900587443
6.78193333333333	13.3543356183786
6.79043333333333	13.4801155823757
6.7988	13.5994459612202
6.80706666666667	13.7123458895521
6.81523333333333	13.8177785322814
6.82326666666667	13.915605667084
6.83123333333333	14.0073273612875
6.83913333333333	14.0928023497268
6.84696666666667	14.1715695052985
6.85473333333333	14.244122587761
6.86243333333333	14.3109396732912
6.8701	14.3727339794054
6.87776666666667	14.4292585655216
6.88536666666667	14.480232887533
6.89293333333333	14.526700870194
6.9005	14.5691350220436
6.90806666666667	14.6070357580943
6.9156	14.6412216845988
6.9231	14.6715107452528
6.93063333333333	14.6985260155493
6.93813333333333	14.7222036297162
6.94566666666667	14.7437358890293
6.95316666666667	14.7624426765578
6.96066666666667	14.7787860388407
6.96816666666667	14.7929509252508
6.9757	14.8051763532389
6.9832	14.8154323674871
6.99073333333333	14.8236509075587
6.99826666666667	14.8303527012445
7.0058	14.8357507188043
7.01333333333333	14.8400150532789
7.02086666666667	14.843272578114
7.0284	14.8456344046235
7.03593333333333	14.8472024215434
7.0435	14.8480672904493
7.05103333333333	14.8476359193187
7.0586	14.8468433325661
7.06616666666667	14.8455569431831
7.07373333333333	14.8439088776709
7.0813	14.8419918782188
7.08886666666667	14.8398598211925
7.09646666666667	14.8375395419625
7.10403333333333	14.8349669199479
7.1116	14.8324118393816
7.1192	14.8298197684467
7.12676666666667	14.8270782860159
7.13436666666667	14.823861367609
7.14193333333333	14.8206477818121
7.14953333333333	14.8176136796546
7.15713333333333	14.8145810280485
7.1647	14.8116490261732
7.1723	14.8089610587072
7.1799	14.8062996211661
7.18746666666667	14.803753437689
7.19506666666667	14.801465677253
7.20266666666667	14.7992141480622
7.21023333333333	14.7970831901143
7.21783333333333	14.7952170800113
7.22543333333333	14.7933884856775
7.233	14.791676991681
7.2406	14.790228748936
7.2482	14.7888115759729
7.25576666666667	14.7875013595803
7.26336666666667	14.7864464145155
7.27093333333333	14.785421078037
7.27853333333333	14.7846040515128
7.2861	14.7838005726949
7.2937	14.7831975401377
7.30126666666667	14.7831610377443
7.30886666666667	14.7832562763265
7.31643333333333	14.7832872499039
7.32403333333333	14.7834571943763
7.3316	14.783566041915
7.33916666666667	14.7838194488895
7.34676666666667	14.7841386071605
7.35433333333333	14.7843543893337
7.3619	14.784705835993
7.36946666666667	14.7851232179951
7.37703333333333	14.7855651726668
7.38463333333333	14.7860204687877
7.3922	14.7863574311282
7.39976666666667	14.7868214263976
7.40733333333333	14.7873414569553
7.4149	14.7878747351165
7.42246666666667	14.7884124097368
7.43003333333333	14.7889528093274
7.4376	14.7894954410699
7.44516666666667	14.7900390182699
7.45273333333333	14.7905821138329
7.4603	14.7911232376382
7.46786666666667	14.7916609238778
7.47543333333333	14.792193869418
7.483	14.7927206048021
7.49056666666667	14.7932400406903
7.49813333333333	14.7937512594158
7.5057	14.7942534625222
7.51323333333333	14.7947493717788
7.5208	14.7953676193342
7.52836666666667	14.795864235286
7.53593333333333	14.7963075402627
7.5435	14.7967364644492
7.55106666666667	14.7971572823208
7.55863333333333	14.7975695815526
7.56616666666667	14.7979758100391
7.57373333333333	14.7985034973358
7.5813	14.7989094774202
7.58886666666667	14.7992623955074
7.59643333333333	14.7996015970593
7.60396666666667	14.7999378370077
7.61153333333333	14.8003988934825
7.6191	14.8007412284096
7.62666666666667	14.8010329021718
7.6342	14.801317431024
7.64176666666667	14.801728533489
7.64933333333333	14.802024058501
7.6569	14.802271493741
7.66443333333333	14.8025143302307
7.672	14.8030034969165
7.67956666666667	14.8032893775867
7.68713333333333	14.8034935502337
7.69466666666667	14.8036850117064
7.70223333333333	14.8041250511933
7.7098	14.8043679020989
7.71736666666667	14.8045333392106
7.7249	14.804689761424
7.73246666666667	14.8050963748024
7.74003333333333	14.8053094814568
7.7476	14.805447495241
7.75513333333333	14.8055787768208
7.7627	14.8059609885795
7.77026666666667	14.8061525900689
7.7778	14.8062759751533
7.78536666666667	14.8066335265021
7.79293333333333	14.8068020097357
7.80046666666667	14.8069057846187
7.80803333333333	14.807245858939
7.8156	14.8073993233675
7.82313333333333	14.8074895536006
7.8307	14.8078166268519
7.83826666666667	14.8079588572687
7.84583333333333	14.8080332519867
7.85336666666667	14.808107803161
7.86093333333333	14.8084351906259
7.8685	14.8085791064409
7.87603333333333	14.8086589493582
7.8836	14.8089738984554
7.89116666666667	14.8091056772155
7.8987	14.8091758827886
7.90626666666667	14.8094826655347
7.9138	14.8096136029908
7.92136666666667	14.8099191496535
7.92893333333333	14.8100281095199
7.93646666666667	14.8101909729758
7.94403333333333	14.8105108797413
7.9516	14.8106133500733
7.95913333333333	14.8107606335557
7.9667	14.8110649588748
7.97426666666667	14.811154042603
7.9818	14.8112893948169
7.98936666666667	14.8115832088565
7.9969	14.8116691054011
8.00446666666667	14.811922251452
8.01203333333333	14.8121010530081
8.01956666666667	14.8122546399791
8.02713333333333	14.8125305150638
8.0347	14.8126992218204
8.04223333333333	14.8128327718064
8.0498	14.8130892747417
8.05733333333333	14.813246305172
8.0649	14.8134916898293
8.07246666666667	14.8136284047896
8.08	14.8137341748429
8.08756666666667	14.8139670010132
8.0951	14.8141034898163
8.10266666666667	14.8143303381908
8.11023333333333	14.8144502314262
8.11776666666667	14.8145406501512
8.12533333333333	14.8147592771729
8.13286666666667	14.81488252495
8.14043333333333	14.8150970756083
8.148	14.8152056464833
8.15553333333333	14.8152856714196
8.1631	14.8154946502582
8.17063333333333	14.8156090677599
8.1782	14.8158154657272
8.18576666666667	14.8159165911725
8.1933	14.8159898668982
8.20086666666667	14.8161926775811
8.2084	14.8163015588584
8.21596666666667	14.8165029523257
8.22353333333333	14.816599616704
8.23106666666667	14.8166689506997
8.23863333333333	14.8168682505375
8.24616666666667	14.8169740722951
8.25373333333333	14.8171727803765
8.26126666666667	14.8172724609299
8.26883333333333	14.8174655179864
8.2764	14.8175557805971
8.28393333333333	14.817619764448
8.2915	14.8178144220687
8.29903333333333	14.8179161598
8.3066	14.8181111304521
8.31413333333333	14.8182074580063
8.3217	14.8183971478611
8.32926666666667	14.8184842665219
8.3368	14.8185453285919
8.34436666666667	14.8187371940921
8.3519	14.8188362892338
8.35946666666667	14.8190287008115
8.367	14.8191225771961
8.37456666666667	14.8193098679585
8.3821	14.8194000297035
8.38966666666667	14.8195844523088
8.3972	14.8196721552581
8.40476666666667	14.8198542762339
8.41233333333333	14.8199343743763
8.41986666666667	14.819988779107
8.42743333333333	14.8201738431894
8.43496666666667	14.8202663555617
8.44253333333333	14.8204520260811
8.45006666666667	14.8205393088556
8.45763333333333	14.8207200740458
8.46516666666667	14.8208038465946
8.47273333333333	14.8209819184935
8.48026666666667	14.8210633975468
8.48783333333333	14.8212393392414
8.49536666666667	14.8213187877482
8.50293333333333	14.8214928024945
8.51046666666667	14.8215701479112
8.51803333333333	14.8217420903243
8.52556666666667	14.82181744334
8.53313333333333	14.8219874299439
8.54066666666667	14.822060877997
8.54823333333333	14.8222289844025
8.55576666666667	14.8223006017333
8.56333333333333	14.8224669081442
8.57086666666667	14.8225367824639
8.57843333333333	14.8227013851956
8.58596666666667	14.8227696195663
8.59353333333333	14.8229326285436
8.60106666666667	14.8229993372029
8.60863333333333	14.8231608706642
8.61616666666667	14.823226172969
8.62373333333333	14.8233863511232
8.63126666666667	14.8234503657532
8.63883333333333	14.8241730835275
8.64636666666667	14.8247303669018
8.65393333333333	14.8253306394868
8.66146666666667	14.8257859256605
8.66903333333333	14.8262994420593
8.67656666666667	14.8266810755672
8.68413333333333	14.8271308903277
8.69166666666667	14.8274576363219
8.69923333333333	14.8278593421569
8.70676666666666	14.8281441216354
8.71433333333333	14.828508616682
8.72186666666667	14.8287605808346
8.72943333333333	14.8290956767496
8.73696666666667	14.829321459225
8.74453333333333	14.8296328818569
8.75206666666667	14.8298374004466
8.7596	14.8301335932979
8.76716666666667	14.830447201196
8.7747	14.8306204522742
8.78226666666667	14.830878910424
8.7898	14.8310358429731
8.79736666666667	14.8312848981454
8.8049	14.8314331045908
8.81243333333333	14.8316772989988
8.82	14.8319426411272
8.82753333333333	14.832071100142
8.8351	14.8322876658335
8.84263333333333	14.83240549218
8.85016666666667	14.8326222875198
8.85773333333333	14.8328624858477
8.86526666666667	14.8329677438142
8.87283333333333	14.8331624834882
8.88036666666667	14.8332599207151
8.88793333333333	14.8334529962463
8.89546666666667	14.8335487935115
8.903	14.8337437839009
8.91056666666667	14.8339627696969
8.9181	14.8340480101774
8.92563333333333	14.8342285099429
8.9332	14.8344343761023
8.94073333333333	14.8345087691373
8.9483	14.8346751546514
8.95583333333333	14.8347464973767
8.96336666666667	14.8349198413721
8.97093333333333	14.8351189241607
8.97846666666667	14.8351859718709
8.98603333333333	14.835344550746
8.99356666666667	14.8354083592458
9.0011	14.8355745851632
9.00866666666667	14.8357669846882
9.0162	14.8358277901989
9.02373333333333	14.8359855362901
9.0313	14.8361700543578
9.03883333333333	14.8362246851216
9.0464	14.8363722640047
9.05393333333333	14.8364261255201
9.06146666666667	14.8365831342348
9.06903333333333	14.8367668893443
9.07656666666667	14.8368197207942
9.0841	14.8369697485709
9.09166666666667	14.8371469782469
9.0992	14.8371948289969
9.10676666666667	14.8373359256029
9.1143	14.8373815341974
9.12183333333333	14.8375243410842
9.1294	14.8376841825725
9.13693333333333	14.8377002944962
9.14446666666667	14.8377974040809
9.15203333333333	14.837901858345
9.15956666666667	14.8378543760296
9.1671	14.8378782989016
9.17466666666667	14.8378982204208
9.1822	14.837754197838
9.18973333333333	14.837667220711
9.1973	14.8375589661282
9.20483333333333	14.8372675478736
9.2124	14.837002826122
9.21993333333333	14.836571424265
9.22746666666667	14.8361543403284
9.23503333333333	14.8356565002841
9.24256666666667	14.8349085800837
9.2501	14.8341125787138
9.25766666666667	14.8331669023942
9.2652	14.8318951780193
9.27273333333333	14.8304813823688
9.2803	14.828802398536
9.28783333333333	14.8266681959562
9.2954	14.8242158470071
9.30293333333333	14.8212132532972
9.3105	14.8177335596934
9.31803333333333	14.8134070856477
9.3256	14.8084622302645
9.33313333333333	14.8019130650746
9.3407	14.7944028191455
9.34823333333333	14.7856504475353
9.3558	14.7755573545073
9.36336666666667	14.763738343252
9.37093333333333	14.750004272857
9.37846666666667	14.7341997437361
9.38603333333333	14.7159997202161
9.39363333333333	14.6948382998171
9.4012	14.6705483245214
9.40876666666667	14.6429721657473
9.41636666666667	14.6115981324083
9.42396666666667	14.5756281838812
9.43156666666667	14.5354420947333
9.4392	14.4906454137094
9.44683333333333	14.4406939406863
9.45446666666667	14.3860901828084
9.46213333333333	14.3265567027661
9.4698	14.2618478701538
9.47753333333333	14.1919722752746
9.48523333333333	14.1174912375418
9.493	14.0378605951755
9.5008	13.9535611950178
9.5086	13.8653579071201
9.51646666666667	13.7729825976407
9.52436666666667	13.6771726764177
9.53233333333333	13.5779843215219
9.54033333333333	13.4759463518685
9.5484	13.3716195889651
9.55653333333333	13.2651483839659
9.56473333333333	13.1571356084801
9.573	13.0482551394202
9.58136666666667	12.9388198540291
9.5898	12.8294372653068
9.59833333333333	12.7211722786274
9.60696666666667	12.6143798930852
9.6157	12.5100209019279
9.62456666666667	12.4087771868653
9.63353333333333	12.3116472053152
9.6426	12.2205162242913
9.6518	12.1366233057811
9.66113333333333	12.060711391709
9.67056666666667	11.9953083610367
9.6801	11.9414428359282
9.68973333333333	11.9014907350793
9.69946666666667	11.8769665480559
9.70926666666667	11.869318588344
9.7191	11.8805561923814
9.729	11.9112933514321
9.7389	11.9616714278709
9.74876666666667	12.0315691801111
9.7586	12.1202169702578
9.7684	12.2248628667203
9.77806666666667	12.3419862349729
9.78766666666667	12.4697139508453
9.7971	12.6045346326941
9.8064	12.7442900446035
9.81556666666667	12.8855626985701
9.82456666666667	13.0251244652145
9.83343333333333	13.162849814843
9.84213333333333	13.2954576495654
9.8507	13.4237038286915
9.85913333333333	13.5457305485579
9.86746666666667	13.6616358659153
9.87566666666667	13.7703502595928
9.88376666666667	13.8719672794768
9.89176666666667	13.9666683435985
9.8997	14.0551474458302
9.90753333333333	14.1364347879689
9.91533333333333	14.2119040978432
9.92306666666667	14.2812438811138
9.93076666666667	14.3453208008032
9.93843333333333	14.4037084414003
9.94603333333333	14.456609981512
9.95363333333333	14.5051304838171
9.9612	14.5490994612105
9.96876666666667	14.589157898095
9.9763	14.6247385100842
9.98383333333333	14.6570478059652
9.99133333333333	14.6855808044902
9.99886666666667	14.7109786180513
10.0063666666667	14.7337748149571
10.0138666666667	14.7538259145585
10.0214	14.7714220600801
10.0289	14.7865554192708
10.0364	14.7996820719177
10.0439333333333	14.8109924823248
10.0514333333333	14.8204198821568
10.0589666666667	14.8278884953784
10.0665	14.8339205825655
10.0740333333333	14.838724212012
10.0815666666667	14.8424633339969
10.0891	14.8452588390655
10.0966333333333	14.8472163869469
10.1042	14.8484308769384
10.1117333333333	14.848856335394
10.1193	14.8482703419777
10.1268666666667	14.8471664236977
10.1344333333333	14.8456779191501
10.142	14.8439063923975
10.1495666666667	14.8419005876435
10.1571333333333	14.8397030825399
10.1647	14.837355041765
10.1723	14.8348768117171
10.1798666666667	14.8322024981658
10.1874666666667	14.8295752058198
10.1950333333333	14.8268544797452
10.2026333333333	14.8236768673619
10.2102	14.8205124989126
10.2178	14.8175350344477
10.2254	14.8145651497739
10.2329666666667	14.8117007954879
10.2405666666667	14.8090848748852
10.2481666666667	14.8064984782145
10.2557333333333	14.8040289029541
10.2633333333333	14.8018193890703
10.2709333333333	14.7996462972751
10.2785	14.797592876424
10.2861	14.7958035126248
10.2937	14.7940499631095
10.3012666666667	14.7924110506842
10.3088666666667	14.7910332250717
10.3164333333333	14.7896953836703
10.3240333333333	14.788574036425
10.3316333333333	14.7874678416661
10.3392	14.7864568156879
10.3468	14.7856916993933
10.3543666666667	14.7849427369065
10.3619666666667	14.7849566174682
10.3695333333333	14.7849020559629
10.3771	14.7849897185401
10.3847	14.7851442831297
10.3922666666667	14.7852008242075
10.3998333333333	14.7853998221922
10.4074333333333	14.7856684402173
10.415	14.7858384605047
10.4225666666667	14.7861477551983
10.4301333333333	14.7865256646191
10.4377333333333	14.7869270923775
10.4453	14.7872144809371
10.4528666666667	14.7876320626142
10.4604333333333	14.7881094655236
10.468	14.7886042852897
10.4755666666667	14.7891080749341
10.4831333333333	14.7896188629884
10.4907	14.7901359170801
10.4982666666667	14.7906580784206
10.5058333333333	14.7911834822917
10.5134	14.7917103925297
10.5209666666667	14.7922371363047
10.5285333333333	14.7927621922627
10.5361	14.7932838655083
10.5436666666667	14.7938008408501
10.5512333333333	14.7943119777478
10.5588	14.794816261498
10.5663666666667	14.7953128075178
10.5739333333333	14.7958008606774
10.5814666666667	14.7962832526464
10.5890333333333	14.796888507547
10.5966	14.797372827275
10.6041666666667	14.7978045540758
10.6117333333333	14.7982226359513
10.6193	14.7986333680833
10.6268333333333	14.7990401638108
10.6344	14.7995699283929
10.6419666666667	14.7999790041631
10.6495333333333	14.800335753549
10.6571	14.8006793583654
10.6646333333333	14.8010205202172
10.6722	14.8014866829476
10.6797666666667	14.8018345044143
10.6873333333333	14.8021320203211
10.6948666666667	14.8024226486082
10.7024333333333	14.8028400925555
10.71	14.8031421681562
10.7175666666667	14.8033963251823
10.7251	14.8036459892555
10.7326666666667	14.8041420766021
10.7402333333333	14.8044350929313
10.7478	14.804646397929
10.7553333333333	14.8048450153046
10.7629	14.8052922283587
10.7704666666667	14.8055424107915
10.778	14.8057200378162
10.7855666666667	14.8061302617416
10.7931333333333	14.8063460604321
10.8007	14.8064885898402
10.8082333333333	14.8066258011295
10.8158	14.8070145738448
10.8233666666667	14.8072127841274
10.8309	14.8073427310383
10.8384666666667	14.8077070186573
10.8460333333333	14.8078818340332
10.8535666666667	14.8079916538618
10.8611333333333	14.8083378189403
10.8687	14.8084972232973
10.8762333333333	14.8085931897936
10.8838	14.8089260138286
10.8913666666667	14.809073901321
10.8989	14.8091591386406
10.9064666666667	14.809481396102
10.9140333333333	14.8096202240281
10.9215666666667	14.8096972047238
10.9291333333333	14.8100112926536
10.9367	14.8101432174503
10.9442333333333	14.8102139121233
10.9518	14.8105216950735
10.9593666666667	14.8106484165523
10.9669	14.8108288051571
10.9744666666667	14.8111638652135
10.9820333333333	14.8112789823099
10.9895666666667	14.8114378343644
10.9971333333333	14.8117532797651
11.0047	14.8118526379812
11.0122333333333	14.8119980526512
11.0198	14.812301963465
11.0273333333333	14.8123973968595
11.0349	14.8126601463141
11.0424666666667	14.8127327976586
11.05	14.8128638072367
11.0575666666667	14.813156387926
11.0651333333333	14.8133517785054
11.0726666666667	14.8135100245495
11.0802333333333	14.8137881611956
11.0877666666667	14.8139640737631
11.0953333333333	14.8142264992171
11.1029	14.814378792033
11.1104333333333	14.8144989117354
11.118	14.814745179478
11.1255333333333	14.8148941973491
11.1331	14.8151328825261
11.1406666666667	14.8152638609859
11.1482	14.8153646199389
11.1557666666667	14.8155929756167
11.1633	14.8157252803203
11.1708666666667	14.8159483143581
11.1784333333333	14.8160647669315
11.1859666666667	14.8161520489434
11.1935333333333	14.8163677303023
11.2010666666667	14.8164882475494
11.2086333333333	14.8167002009536
11.2161666666667	14.8168116048851
11.2237333333333	14.8170150739879
11.2313	14.8171144333228
11.2388333333333	14.8171862555355
11.2464	14.8173876684486
11.2539333333333	14.817495063392
11.2615	14.8176947416823
11.2690333333333	14.8177948424677
11.2766	14.8179875002829
11.2841666666667	14.8180768185189
11.2917	14.8181393877117
11.2992666666667	14.8183321691695
11.3068	14.818431622758
11.3143666666667	14.818623916397
11.3219	14.8187172452058
11.3294666666667	14.8189036257563
11.337	14.8189925625688
11.3445666666667	14.8191754982404
11.3521333333333	14.8192561066803
11.3596666666667	14.8193107402358
11.3672333333333	14.8194961185777
11.3747666666667	14.8195887990537
11.3823333333333	14.8197745177349
11.3898666666667	14.8198617528274
11.3974333333333	14.8200424266947
11.4049666666667	14.8201260684978
11.4125333333333	14.8203040044987
11.4200666666667	14.8203853358468
11.4276333333333	14.8205611448984
11.4352	14.8206350449977
11.4427333333333	14.8206834006255
11.4503	14.8208625076045
11.4578333333333	14.8209492295368
11.4654	14.8211292193919
11.4729333333333	14.8212109953251
11.4805	14.8213863681931
11.4880333333333	14.8214649199567
11.4956	14.8216378826987
11.5031333333333	14.8217144155569
11.5107	14.8218855144505
11.5182333333333	14.8219602700187
11.5258	14.8221296831935
11.5333333333333	14.8222025608088
11.5409	14.8223701118618
11.5484333333333	14.8224411893739
11.556	14.8226069604207
11.5635333333333	14.8226762904387