-0.9926	135.135135135135
-0.9852	135.135135135135
-0.9778	135.135135135135
-0.9704	135.135135135135
-0.963	135.135135135135
-0.9556	135.135135135135
-0.9482	135.135135135135
-0.9408	135.135135135135
-0.9334	135.135135135135
-0.926	135.135135135135
-0.9186	135.135135135135
-0.9112	135.135135135135
-0.9038	135.135135135135
-0.8964	135.135135135135
-0.889	135.135135135135
-0.8816	135.135135135135
-0.8742	135.135135135135
-0.8668	135.135135135135
-0.8594	135.135135135135
-0.852	135.135135135135
-0.8446	135.135135135135
-0.8372	135.135135135135
-0.8298	135.135135135135
-0.8224	135.135135135135
-0.815	135.135135135135
-0.8076	135.135135135135
-0.8002	135.135135135135
-0.7928	135.135135135135
-0.7854	135.135135135135
-0.778	135.135135135135
-0.7706	135.135135135135
-0.7632	135.135135135135
-0.7558	135.135135135135
-0.7484	135.135135135135
-0.741	135.135135135135
-0.7336	135.135135135135
-0.7262	135.135135135135
-0.7188	135.135135135135
-0.7114	135.135135135135
-0.704	135.135135135135
-0.6966	135.135135135135
-0.6892	135.135135135135
-0.6818	135.135135135135
-0.6744	135.135135135135
-0.667	135.135135135135
-0.6596	135.135135135135
-0.6522	135.135135135135
-0.6448	135.135135135135
-0.6374	135.135135135135
-0.63	135.135135135135
-0.6236	156.25
-0.6172	156.25
-0.6108	156.25
-0.6044	156.25
-0.598	156.25
-0.591366666666667	150.556689867395
-0.584533333333333	146.385122016462
-0.577533333333333	143.330328458459
-0.570466666666667	141.083064403318
-0.5633	139.438595722788
-0.556066666666667	138.219944861488
-0.548766666666667	137.313450956466
-0.541466666666667	136.632630482078
-0.5341	136.11669612806
-0.526733333333333	135.714209553027
-0.519366666666667	135.393328762392
-0.511966666666667	135.128104488457
-0.504533333333333	134.900933434699
-0.4971	134.670489933397
-0.489666666666667	134.465721905867
-0.482233333333333	134.278468631948
-0.474766666666667	134.104040647889
-0.4673	133.939876424281
-0.459833333333333	133.783698551286
-0.452333333333333	133.633928850184
-0.444866666666667	133.490380453377
-0.437366666666667	133.353374644874
-0.429866666666667	133.221905233683
-0.422333333333333	133.096474707267
-0.414833333333333	132.9783420891
-0.4073	132.86691183841
-0.399766666666667	132.762279946695
-0.392233333333333	132.664978568269
-0.384666666666667	132.57545226457
-0.377133333333333	132.493609312361
-0.369566666666667	132.419379215497
-0.362033333333333	132.352867675155
-0.354466666666667	132.292955884119
-0.3469	132.240359195495
-0.339333333333333	132.19446936208
-0.331766666666667	132.155397636055
-0.3242	132.122171579669
-0.316633333333333	132.095001067994
-0.309066666666667	132.073616232474
-0.3015	132.057611458494
-0.293933333333333	132.046588440685
-0.286333333333333	132.040168635902
-0.278766666666667	132.038948530562
-0.2712	132.041495850475
-0.263633333333333	132.047354036205
-0.256066666666667	132.05630313781
-0.248466666666667	132.068773600879
-0.2409	132.084882282148
-0.233333333333333	132.103008647816
-0.225766666666667	132.122873911097
-0.2182	132.144364418913
-0.210633333333333	132.168010328146
-0.203066666666667	132.192997070339
-0.1955	132.219022454297
-0.187933333333333	132.245942015743
-0.1804	132.273628364361
-0.172833333333333	132.300898804033
-0.165266666666667	132.328960262626
-0.1577	132.357696760145
-0.150166666666667	132.38690856174
-0.1426	132.414708406415
-0.135066666666667	132.442953627284
-0.1275	132.470605980369
-0.119966666666667	132.498796729458
-0.112433333333333	132.52604410795
-0.104866666666667	132.553084285602
-0.0973333333333334	132.580476094018
-0.0898	132.607480729187
-0.0822666666666667	132.633482281181
-0.0747	132.658460964056
-0.0671666666666667	132.684224432832
-0.0596333333333334	132.708883364636
-0.0521	132.732347996673
-0.0445666666666667	132.754765104277
-0.0370333333333334	132.776911526558
-0.0295000000000001	132.798224126255
-0.0219666666666666	132.818629773541
-0.0144666666666667	132.838194622074
-0.00693333333333328	132.855965224364
0.000600000000000023	132.8732551544
0.00813333333333333	132.890154658394
0.0156333333333334	132.906619259062
0.0231666666666667	132.920965936505
0.0307	132.935067646731
0.0382	132.949123679873
0.0457333333333333	132.962038807445
0.0532666666666666	132.97430795729
0.0607666666666667	132.986597701732
0.0683	132.997932404323
0.0758	133.008778736329
0.0833333333333333	133.018791067208
0.0908333333333334	133.029040137693
0.0983666666666667	133.038027343429
0.105866666666667	133.047284463919
0.1134	133.055818385344
0.1209	133.065022610859
0.128433333333333	133.073554704547
0.135933333333333	133.08268410225
0.143466666666667	133.091043704367
0.150966666666667	133.099919646419
0.158466666666667	133.107967367984
0.166	133.115507422495
0.1735	133.123257807298
0.181	133.130623273303
0.188533333333333	133.137172612978
0.196033333333333	133.14383423839
0.203533333333333	133.150252070061
0.211066666666667	133.15584905687
0.218566666666667	133.161689392854
0.226066666666667	133.167432699896
0.2336	133.172479769961
0.2411	133.177873747435
0.2486	133.183260111053
0.2561	133.188022782469
0.263633333333333	133.192213717163
0.271133333333333	133.197608099044
0.278633333333333	133.202508539878
0.286133333333333	133.206785918274
0.293633333333333	133.210607362207
0.301166666666667	133.214757455659
0.308666666666667	133.219658016437
0.316166666666667	133.224092518533
0.323666666666667	133.228037423479
0.331166666666667	133.231642634624
0.3387	133.235669269317
0.3462	133.240517215644
0.3537	133.244952325801
0.3612	133.248937066505
0.3687	133.252610086905
0.3762	133.256723787359
0.3837	133.260692105852
0.3912	133.264433357581
0.398733333333333	133.267996347724
0.406233333333333	133.27240865667
0.413733333333333	133.276555916741
0.421233333333333	133.280377066134
0.428733333333333	133.283980885295
0.436233333333333	133.288093894293
0.443733333333333	133.292108553841
0.451233333333333	133.295927013497
0.458733333333333	133.299585524151
0.466233333333333	133.303124577098
0.473733333333333	133.306577880833
0.481233333333333	133.30997124241
0.488733333333333	133.31332405011
0.496233333333333	133.316650772229
0.503733333333333	133.319962031237
0.511233333333333	133.323265577746
0.518733333333333	133.326566951442
0.526233333333333	133.32986998124
0.533733333333333	133.333177050497
0.541233333333333	133.336489421596
0.548733333333333	133.339807498703
0.556233333333333	133.343131029929
0.563733333333333	133.346459265983
0.571233333333333	133.349791086309
0.578733333333333	133.353125099247
0.586233333333333	133.356459444506
0.593733333333333	133.359792409857
0.601233333333333	133.363125950545
0.608733333333333	133.366464889196
0.616233333333333	133.369811796544
0.623733333333333	133.37316104618
0.631233333333333	133.376503818839
0.638733333333333	133.379831306484
0.646233333333333	133.383135290538
0.653733333333333	133.386408259337
0.661233333333333	133.389643442964
0.668733333333333	133.392834824523
0.6762	133.395977134891
0.6837	133.398100921601
0.6912	133.400341767196
0.6987	133.402793345353
0.7062	133.405368010915
0.7137	133.407358989797
0.7212	133.40938354972
0.7287	133.411543813244
0.736166666666667	133.413809418616
0.743666666666667	133.41518288499
0.751166666666667	133.416767966431
0.758666666666667	133.418641205232
0.766166666666667	133.420698816778
0.773666666666667	133.42222146197
0.781166666666667	133.423816558103
0.788633333333333	133.425578568923
0.796133333333333	133.426510290813
0.803633333333333	133.427701673135
0.811133333333333	133.429221708645
0.818633333333333	133.430958842417
0.826133333333333	133.432187434274
0.8336	133.433509761857
0.8411	133.434056930841
0.8486	133.434916273865
0.8561	133.436149691271
0.8636	133.437636966436
0.8711	133.438645300657
0.878566666666667	133.439771073903
0.886066666666667	133.440141253501
0.893566666666667	133.440838005193
0.901066666666667	133.441921242541
0.908566666666667	133.443268577866
0.916033333333333	133.444145364954
0.923533333333333	133.444188773183
0.931033333333333	133.444605971181
0.938533333333333	133.445459489572
0.946033333333333	133.446618705922
0.9535	133.447340845782
0.961	133.447256669635
0.9685	133.447566588789
0.976	133.448329211677
0.9835	133.449410493159
0.991	133.450064960311
0.998466666666667	133.450878417937
1.00596666666667	133.450970139806
1.01346666666667	133.451412768658
1.02096666666667	133.452262263764
1.02846666666667	133.453392202748
1.03593333333333	133.454064722407
1.04343333333333	133.453914905416
1.05093333333333	133.454145732199
1.05843333333333	133.454819028884
1.06593333333333	133.455802999331
1.0734	133.456353925891
1.0809	133.456102320726
1.0884	133.45624611284
1.0959	133.456844296086
1.10336666666667	133.457762611024
1.11086666666667	133.457299625532
1.11836666666667	133.457158862164
1.12586666666667	133.457526232765
1.13336666666667	133.458267113576
1.14083333333333	133.458626475282
1.14833333333333	133.458224856156
1.15583333333333	133.458249965733
1.16333333333333	133.458754298531
1.17083333333333	133.459597874622
1.1783	133.460030617456
1.1858	133.459678376538
1.1933	133.459733690296
1.2008	133.460252729834
1.2083	133.461098715104
1.21576666666667	133.461523997933
1.22326666666667	133.461156369307
1.23076666666667	133.461189537159
1.23826666666667	133.461681083348
1.24573333333333	133.462495331535
1.25323333333333	133.461930280354
1.26073333333333	133.461687022256
1.26823333333333	133.461951254488
1.27573333333333	133.462587986179
1.2832	133.462841931962
1.2907	133.462333827143
1.2982	133.462249657988
1.3057	133.462642435818
1.31316666666667	133.463372348863
1.32066666666667	133.462734617524
1.32816666666667	133.462426957111
1.33566666666667	133.462633462059
1.34316666666667	133.463217580134
1.35063333333333	133.463422799053
1.35813333333333	133.462869085947
1.36563333333333	133.462740938561
1.37313333333333	133.463091024345
1.3806	133.463779159147
1.3881	133.463100548268
1.3956	133.462751994015
1.4031	133.462917601805
1.4106	133.463460768162
1.41806666666667	133.463624959001
1.42556666666667	133.463030314311
1.43306666666667	133.46286062598
1.44056666666667	133.463168792037
1.44806666666667	133.463814727411
1.45553333333333	133.464048341985
1.46303333333333	133.463496314924
1.47053333333333	133.463348126016
1.47803333333333	133.463661115642
1.4855	133.46429898006
1.493	133.463560339779
1.5005	133.463143236078
1.508	133.463233865481
1.5155	133.463697304898
1.52296666666667	133.463778386558
1.53046666666667	133.463098694597
1.53796666666667	133.46284159739
1.54546666666667	133.463061073683
1.55293333333333	133.463617601198
1.56043333333333	133.462807463441
1.56793333333333	133.462324806125
1.57543333333333	133.462352577394
1.58293333333333	133.462751313296
1.5904	133.462760407066
1.5979	133.461995612857
1.6054	133.461631687362
1.6129	133.461714521247
1.62036666666667	133.462095111437
1.62786666666667	133.461061000851
1.63536666666667	133.460293954378
1.64286666666667	133.459967629492
1.65036666666667	133.459932407741
1.65783333333333	133.45941698277
1.66533333333333	133.458029646949
1.67283333333333	133.456928186363
1.68033333333333	133.456148419558
1.68783333333333	133.455526477851
1.6953	133.454283479097
1.7028	133.452022339067
1.7103	133.449877925433
1.7178	133.447868147832
1.7253	133.445800041472
1.73276666666667	133.442856018516
1.74026666666667	133.438603094263
1.74776666666667	133.434102615985
1.75526666666667	133.429313888041
1.76276666666667	133.423965000064
1.77026666666667	133.417146647509
1.77773333333333	133.409263597794
1.78523333333333	133.399287858063
1.79273333333333	133.387977951219
1.80023333333333	133.375197784395
1.80773333333333	133.360570718925
1.81523333333333	133.343099427695
1.82273333333333	133.323129677644
1.83023333333333	133.300497874756
1.83773333333333	133.274925867649
1.84523333333333	133.246150387569
1.85276666666667	133.213938755053
1.86026666666667	133.178882563811
1.86776666666667	133.1400148156
1.8753	133.096946245964
1.8828	133.050402391006
1.89033333333333	133.000338678217
1.89783333333333	132.946473231273
1.90536666666667	132.887754655566
1.9129	132.82524347204
1.92043333333333	132.758612366252
1.92796666666667	132.688387955655
1.9355	132.613934394412
1.94306666666667	132.535889941304
1.9506	132.454941936541
1.95816666666667	132.370666833694
1.96573333333333	132.283161304083
1.97326666666667	132.192294854045
1.98086666666667	132.098002778944
1.98843333333333	132.000343836437
1.996	131.900227054843
2.0036	131.797259239933
2.0112	131.691383662406
2.0188	131.583798844916
2.0264	131.473519075448
2.034	131.36021978106
2.04163333333333	131.244502913321
2.04926666666667	131.126728710122
2.0569	131.00665004669
2.06453333333333	130.8837165793
2.07216666666667	130.757668843364
2.07983333333333	130.629082839337
2.0875	130.498389189656
2.09516666666667	130.365229573251
2.10283333333333	130.229056964825
2.11053333333333	130.08962166981
2.11823333333333	129.947808905354
2.12593333333333	129.803399687192
2.13363333333333	129.655843586733
2.14136666666667	129.504891587713
2.1491	129.35138316857
2.15683333333333	129.195127156044
2.1646	129.035576500203
2.17233333333333	128.872724540439
2.1801	128.707431687148
2.1879	128.538462406951
2.1957	128.366410696025
2.2035	128.192228170816
2.2113	128.014204190688
2.21913333333333	127.832630499715
2.22696666666667	127.648408695592
2.2348	127.461478699502
2.24266666666667	127.271379893633
2.25053333333333	127.078131656209
2.2584	126.882439212844
2.2663	126.684150278761
2.2742	126.483430796392
2.28213333333333	126.281169818784
2.29006666666667	126.077483977638
2.298	125.872627368574
2.30596666666667	125.667480719096
2.31393333333333	125.462865550278
2.3219	125.26018685006
2.3299	125.060055899598
2.33793333333333	124.862767368053
2.34593333333333	124.670859397451
2.35396666666667	124.485928532559
2.36203333333333	124.307699933725
2.37006666666667	124.138989855027
2.37813333333333	123.981904897911
2.3862	123.835639445874
2.3943	123.702173832262
2.4024	123.583442295824
2.4105	123.47902404396
2.4186	123.389543518363
2.4267	123.315323569685
2.4348	123.257028440443
2.44293333333333	123.214488139708
2.45103333333333	123.187900948565
2.45916666666667	123.175614918703
2.4673	123.176532106688
2.4754	123.189546057047
2.48353333333333	123.213109903991
2.49163333333333	123.246773879046
2.49973333333333	123.289654278928
2.50786666666667	123.340892217266
2.51596666666667	123.399747661687
2.52406666666667	123.463978730706
2.53213333333333	123.531901392851
2.54023333333333	123.601220772719
2.54833333333333	123.673219224809
2.5564	123.746470093182
2.56446666666667	123.818664390641
2.57256666666667	123.889518367315
2.58063333333333	123.960585030166
2.5887	124.030252306735
2.59673333333333	124.097727324126
2.6048	124.161652668288
2.61283333333333	124.224153427488
2.6209	124.283595366203
2.62893333333333	124.341921169608
2.63696666666667	124.397619818779
2.645	124.451385291909
2.65303333333333	124.503257713251
2.66106666666667	124.553991674608
2.6691	124.603542148707
2.67713333333333	124.651855422045
2.68513333333333	124.69938397907
2.69316666666667	124.745515413883
2.70116666666667	124.792048046641
2.70916666666667	124.838877818241
2.7172	124.886537233243
2.7252	124.935748929935
2.7332	124.985813223229
2.7412	125.036411853896
2.74916666666667	125.087675792868
2.75716666666667	125.139380585014
2.76516666666667	125.192544863552
2.77313333333333	125.247039373588
2.78113333333333	125.301765957157
2.7891	125.357632185346
2.79706666666667	125.414788998906
2.80503333333333	125.4738075184
2.813	125.534138828698
2.82096666666667	125.596288637762
2.82893333333333	125.659608769234
2.8369	125.723936389093
2.84483333333333	125.789269356823
2.85276666666667	125.854419963472
2.86073333333333	125.920358429242
2.86866666666667	125.988543368627
2.8766	126.057357581433
2.88453333333333	126.126151365867
2.89243333333333	126.194818580122
2.90036666666667	126.262881910057
2.90826666666667	126.331359162385
2.9162	126.398740378956
2.9241	126.467146751533
2.932	126.53465994971
2.9399	126.602019694367
2.9478	126.668811121826
2.9557	126.7355406466
2.96356666666667	126.801644279298
2.97146666666667	126.865797064276
2.97933333333333	126.92959626049
2.9872	126.99246466711
2.99506666666667	127.05479454702
3.00293333333333	127.116070160861
3.0108	127.176859061764
3.01866666666667	127.236650094098
3.02653333333333	127.295335282876
3.03436666666667	127.353007976937
3.04223333333333	127.408644669791
3.05006666666667	127.463847290261
3.0579	127.518113190981
3.06576666666667	127.571820054233
3.0736	127.625612061633
3.08143333333333	127.678603811873
3.08923333333333	127.730403150938
3.09706666666667	127.779935579012
3.1049	127.829461961303
3.1127	127.878467887573
3.12053333333333	127.925651852183
3.12833333333333	127.971878330635
3.13616666666667	128.016681012982
3.14396666666667	128.062288036806
3.15176666666667	128.106994784868
3.15956666666667	128.151483442006
3.16736666666667	128.195380659229
3.17516666666667	128.239247715958
3.18296666666667	128.282580923581
3.19076666666667	128.325278451672
3.19856666666667	128.367437111503
3.20633333333333	128.409170217756
3.21413333333333	128.449488419296
3.2219	128.489870381773
3.2297	128.529264997508
3.23746666666667	128.569605308761
3.24523333333333	128.609179828103
3.253	128.648650078325
3.2608	128.687643265581
3.26856666666667	128.727824548418
3.27633333333333	128.767297031555
3.2841	128.805987942071
3.29183333333333	128.844105418326
3.2996	128.881364550677
3.30736666666667	128.918657208737
3.3151	128.955852874075
3.32286666666667	128.991823895739
3.33063333333333	129.02732568158
3.33836666666667	129.062987894747
3.3461	129.097853279071
3.35386666666667	129.132126444094
3.3616	129.167782199689
3.36933333333333	129.203657843331
3.37706666666667	129.239038005849
3.3848	129.273863927389
3.39253333333333	129.308872755395
3.40026666666667	129.343560433216
3.408	129.377810788302
3.41573333333333	129.4116923465
3.42346666666667	129.445287807642
3.43116666666667	129.478670805319
3.4389	129.510828688468
3.44663333333333	129.543151910484
3.45433333333333	129.575679921372
3.46206666666667	129.607253482382
3.46976666666667	129.638536852287
3.47746666666667	129.669621216958
3.4852	129.700895515559
3.4929	129.732883687867
3.5006	129.764785771174
3.5083	129.796051752287
3.516	129.826668127556
3.5237	129.85739543014
3.5314	129.887741471266
3.5391	129.917604565456
3.5468	129.947061329107
3.5545	129.976199151272
3.5622	130.005094813089
3.56986666666667	130.033810664148
3.57756666666667	130.061336258401
3.58526666666667	130.089024026849
3.59293333333333	130.11692562242
3.60063333333333	130.143891969558
3.6083	130.170552335587
3.616	130.196458900641
3.62366666666667	130.223538216097
3.63133333333333	130.250093706053
3.63903333333333	130.276684975448
3.6467	130.30393857342
3.65436666666667	130.331091971201
3.66203333333333	130.357585311198
3.6697	130.383416332343
3.67736666666667	130.409355274591
3.68503333333333	130.434913470677
3.6927	130.459997847249
3.70036666666667	130.484687637086
3.70803333333333	130.509070481073
3.7157	130.533222453423
3.72336666666667	130.557204785252
3.731	130.581065887214
3.73866666666667	130.603797827058
3.74633333333333	130.626712108061
3.75396666666667	130.64987194252
3.76163333333333	130.67213918278
3.7693	130.694106224376
3.77693333333333	130.716398597606
3.78456666666667	130.738032299822
3.79223333333333	130.758534312218
3.79986666666667	130.780291621051
3.80753333333333	130.802366922517
3.81516666666667	130.825069943233
3.8228	130.847063553349
3.83046666666667	130.869022548211
3.8381	130.891568567482
3.84573333333333	130.913998395632
3.85336666666667	130.935636286813
3.861	130.956671351501
3.86863333333333	130.977744558547
3.87626666666667	130.998397879599
3.8839	131.018404799199
3.89153333333333	131.038020379326
3.89916666666667	131.057192227754
3.9068	131.075993664409
3.91443333333333	131.09451354126
3.92203333333333	131.112829249711
3.92966666666667	131.129976232661
3.9373	131.147255340888
3.94493333333333	131.164758244311
3.95253333333333	131.182412856493
3.96016666666667	131.198519470164
3.9678	131.214927384245
3.9754	131.231850747769
3.98303333333333	131.248147812387
3.99063333333333	131.264336022374
3.99826666666667	131.280005043942
4.00586666666667	131.296413264522
4.0135	131.311851750599
4.0211	131.328507713933
4.02873333333333	131.344843583463
4.03633333333333	131.362426149206
4.04393333333333	131.379513409631
4.05156666666667	131.396606284828
4.05916666666667	131.414271905806
4.06676666666667	131.431851617562
4.0744	131.448764052202
4.082	131.466071606516
4.0896	131.483306176133
4.0972	131.499911248255
4.1048	131.515921010081
4.1124	131.532118518393
4.12	131.547996409644
4.1276	131.563483883774
4.1352	131.578658481188
4.1428	131.593599621985
4.1504	131.608373871567
4.158	131.623033338486
4.1656	131.637618041016
4.1732	131.652158501722
4.1808	131.666677573982
4.1884	131.681192033065
4.19596666666667	131.695713851413
4.20356666666667	131.709234021299
4.21116666666667	131.722985090982
4.21876666666667	131.737035875626
4.22633333333333	131.75128728194
4.23393333333333	131.764022934481
4.24153333333333	131.777055830041
4.2491	131.790589170359
4.2567	131.803480816897
4.2643	131.816214538925
4.27186666666667	131.829416597068
4.27946666666667	131.842076940688
4.28703333333333	131.854669252229
4.29463333333333	131.866787048393
4.3022	131.879636579097
4.3098	131.891510469751
4.31736666666667	131.904541964971
4.32493333333333	131.917194679904
4.33253333333333	131.929993851418
4.3401	131.943464401155
4.3477	131.956945327863
4.35526666666667	131.970822282496
4.36283333333333	131.983869976633
4.3704	131.996788051859
4.378	132.009152424006
4.38556666666667	132.022614799968
4.39313333333333	132.035430124989
4.4007	132.047477185058
4.4083	132.058945149811
4.41586666666667	132.071644573138
4.42343333333333	132.083833986646
4.431	132.095370190758
4.43856666666667	132.106421647935
4.44613333333333	132.117764490151
4.4537	132.128864015865
4.46126666666667	132.139636107384
4.46883333333333	132.15014245084
4.4764	132.160448405893
4.48396666666667	132.170608869836
4.49153333333333	132.180666926906
4.4991	132.19065586042
4.50666666666667	132.200601307932
4.51423333333333	132.210522630401
4.5218	132.220434357637
4.52936666666667	132.230347231125
4.53693333333333	132.240268988926
4.54446666666667	132.250204850007
4.55203333333333	132.259157324323
4.5596	132.268323791576
4.56716666666667	132.277786634375
4.57473333333333	132.287449111765
4.58226666666667	132.296608646946
4.58983333333333	132.304861925647
4.5974	132.313525311784
4.60496666666667	132.322656600873
4.6125	132.332121542255
4.62006666666667	132.340184792353
4.62763333333333	132.348606413133
4.63516666666667	132.35757654136
4.64273333333333	132.365955634094
4.6503	132.374183099172
4.65783333333333	132.382897973628
4.6654	132.391095511496
4.67293333333333	132.399210516439
4.6805	132.406870700224
4.68803333333333	132.415244440702
4.6956	132.422652640614
4.70316666666667	132.430718126944
4.7107	132.438894467249
4.71826666666667	132.446616624071
4.7258	132.454423429008
4.73336666666667	132.461918462189
4.7409	132.470695576623
4.74843333333333	132.479072278181
4.756	132.487554421155
4.76353333333333	132.49664566528
4.7711	132.50573514074
4.77863333333333	132.515180715939
4.7862	132.523798873115
4.79373333333333	132.53328532375
4.80126666666667	132.54200950702
4.80883333333333	132.550534700984
4.81636666666667	132.559436616927
4.8239	132.568178819965
4.83143333333333	132.576172410769
4.839	132.583477501258
4.84653333333333	132.591899340782
4.85406666666667	132.599741849055
4.8616	132.606875745674
4.86916666666667	132.613483123455
4.8767	132.621351824905
4.88423333333333	132.628763396682
4.89176666666667	132.635562547727
4.8993	132.641911781095
4.90686666666667	132.64858480521
4.9144	132.656035500329
4.92193333333333	132.66300075685
4.92946666666667	132.669452430935
4.937	132.675545835997
4.94453333333333	132.682036652966
4.95206666666667	132.68836079941
4.9596	132.694422741596
4.96713333333333	132.700266733847
4.9747	132.705938375011
4.98223333333333	132.712467148354
4.98976666666667	132.718696040591
4.9973	132.724543885269
5.00483333333333	132.730103917456
5.01236666666667	132.736073289085
5.0199	132.741832135671
5.02743333333333	132.747235984093
5.03496666666667	132.752280700897
5.0425	132.756962430269
5.05003333333333	132.761261476907
5.05756666666667	132.765139806105
5.0651	132.768540399908
5.07263333333333	132.771378576135
5.08013333333333	132.773538267514
5.08766666666667	132.773905033667
5.0952	132.773414879634
5.10273333333333	132.771954201339
5.11026666666667	132.769155933226
5.1178	132.763993589048
5.12533333333333	132.75670494484
5.13286666666667	132.747007909721
5.1404	132.734461285125
5.14793333333333	132.7186085298
5.15546666666667	132.699005017452
5.163	132.675231458837
5.17056666666667	132.646907034639
5.1781	132.614507539757
5.18563333333333	132.576917682722
5.19316666666667	132.533660025901
5.20073333333333	132.484662558177
5.20826666666667	132.43124484795
5.21583333333333	132.37206542099
5.2234	132.306856755757
5.23096666666667	132.235813029571
5.23853333333333	132.159564648008
5.2461	132.077524393989
5.25366666666667	131.990349823398
5.26126666666667	131.898201173154
5.26883333333333	131.801640236443
5.27643333333333	131.70041899967
5.28403333333333	131.594082733524
5.29163333333333	131.483029158608
5.29923333333333	131.367897668207
5.30686666666667	131.248077528613
5.3145	131.124619785684
5.32213333333333	130.997467569439
5.32976666666667	130.866270362016
5.33743333333333	130.730938276212
5.34506666666667	130.592515817234
5.35273333333333	130.451099619814
5.3604	130.305673604342
5.3681	130.156631048278
5.3758	130.004854304706
5.3835	129.849991829057
5.3912	129.6916644977
5.39893333333333	129.529665049297
5.40666666666667	129.364971499971
5.4144	129.197464211204
5.42213333333333	129.026597268657
5.4299	128.852140891231
5.43766666666667	128.674250298011
5.44546666666667	128.493370144255
5.45326666666667	128.309278739315
5.46106666666667	128.12234209295
5.46886666666667	127.932178946842
5.4767	127.738505044027
5.48453333333333	127.541922957894
5.4924	127.342282376185
5.50026666666667	127.139075371967
5.50813333333333	126.932026228511
5.51603333333333	126.721390498915
5.52393333333333	126.507211114733
5.53186666666667	126.290079793863
5.5398	126.069663050114
5.54773333333333	125.845799871949
5.5557	125.618859451754
5.56366666666667	125.389041513266
5.57166666666667	125.157255255893
5.57966666666667	124.923527815374
5.58766666666667	124.688251802082
5.59573333333333	124.452457954568
5.60376666666667	124.216317934591
5.61183333333333	123.983152328451
5.6199	123.752423896568
5.628	123.526514001693
5.63613333333333	123.30847884435
5.64423333333333	123.099636332642
5.65236666666667	122.902453533424
5.66053333333333	122.717221435955
5.6687	122.547196822651
5.67686666666667	122.395081827191
5.68503333333333	122.260322296915
5.69323333333333	122.144151671943
5.70143333333333	122.048486429677
5.70963333333333	121.972980495567
5.71783333333333	121.916985683184
5.72603333333333	121.879948243677
5.73423333333333	121.861761842129
5.74243333333333	121.861496944344
5.75063333333333	121.877755983739
5.75883333333333	121.908930087333
5.76703333333333	121.953313347198
5.77523333333333	122.009150289495
5.78343333333333	122.074733840894
5.79163333333333	122.148252789185
5.7998	122.227877117367
5.80796666666667	122.310632856271
5.81613333333333	122.396320149462
5.8243	122.484016550861
5.83246666666667	122.572542825309
5.84063333333333	122.660177407018
5.84876666666667	122.745850475168
5.8569	122.827796692831
5.86503333333333	122.906882691189
5.87316666666667	122.983233375463
5.8813	123.056693087649
5.88943333333333	123.126501129503
5.89753333333333	123.192476843425
5.90566666666667	123.253727980233
5.91376666666667	123.312056085587
5.92186666666667	123.367414585884
5.92996666666667	123.420512068062
5.93806666666667	123.471228514038
5.94616666666667	123.520411894525
5.95426666666667	123.567979692214
5.96236666666667	123.614156383689
5.97043333333333	123.659469395735
5.97853333333333	123.703302163768
5.9866	123.747391470779
5.99466666666667	123.791160796567
6.00276666666667	123.836025434023
6.01083333333333	123.883162224805
6.0189	123.931886011926
6.02696666666667	123.982128329919
6.03503333333333	124.033992139945
6.0431	124.088327315292
6.05113333333333	124.144675125828
6.0592	124.201832244732
6.06723333333333	124.261365709254
6.07526666666667	124.32208827395
6.08333333333333	124.385033633099
6.09136666666667	124.451022423795
6.0994	124.519060322815
6.1074	124.588673456513
6.11543333333333	124.658626013583
6.12346666666667	124.731129592676
6.13146666666667	124.805331525419
6.13946666666667	124.879525221345
6.14746666666667	124.954095083768
6.15546666666667	125.029905116186
6.16346666666667	125.107082457382
6.17146666666667	125.184779591749
6.17943333333333	125.262672072112
6.18743333333333	125.339478493501
6.1954	125.417523762901
6.20336666666667	125.495441340774
6.21133333333333	125.573355424528
6.21926666666667	125.650577144785
6.22723333333333	125.726329596423
6.2352	125.801665121619
6.24313333333333	125.876212088421
6.25106666666667	125.949384078996
6.259	126.021080334827
6.26693333333333	126.092036822359
6.27486666666667	126.162438417666
6.28276666666667	126.231558147916
6.2907	126.298068522121
6.2986	126.363630694963
6.30653333333333	126.427060481387
6.31443333333333	126.490587838813
6.32233333333333	126.552424415143
6.33023333333333	126.613349800205
6.33813333333333	126.673047435887
6.346	126.732087109142
6.3539	126.788863825223
6.3618	126.84479711104
6.36966666666667	126.899908836493
6.37753333333333	126.953091928609
6.3854	127.004831298586
6.3933	127.05614632688
6.40116666666667	127.108476263027
6.40903333333333	127.159708969544
6.41686666666667	127.20980543194
6.42473333333333	127.257889290648
6.4326	127.30622271948
6.44043333333333	127.35430384662
6.4483	127.400805581925
6.45613333333333	127.446578679296
6.46396666666667	127.491791841447
6.47183333333333	127.537016564789
6.47966666666667	127.582894475614
6.4875	127.628556339278
6.49533333333333	127.67355918058
6.50316666666667	127.717914870734
6.511	127.762401736897
6.5188	127.806567096904
6.52663333333333	127.849211132251
6.53446666666667	127.891836164866
6.54226666666667	127.93450475991
6.55006666666667	127.976086697607
6.5579	128.016915714619
6.5657	128.059042948609
6.5735	128.101317213614
6.5813	128.143084473761
6.5891	128.184300942618
6.5969	128.225712992877
6.6047	128.266842304686
6.6125	128.307570894207
6.6203	128.347975093826
6.62806666666667	128.38814714462
6.63586666666667	128.427076982992
6.64366666666667	128.466218283173
6.65143333333333	128.505594217701
6.6592	128.544026556165
6.667	128.581768493696
6.67476666666667	128.620824735513
6.68253333333333	128.660029516079
6.6903	128.698694161224
6.69806666666667	128.736760907385
6.70583333333333	128.774965773717
6.7136	128.812818612724
6.72136666666667	128.850198036454
6.72913333333333	128.887175200061
6.73686666666667	128.923837778591
6.74463333333333	128.959181203769
6.7524	128.994635931515
6.76013333333333	129.030241515879
6.7679	129.064834024826
6.77563333333333	129.099114119077
6.78336666666667	129.133180840662
6.79113333333333	129.167451503311
6.79886666666667	129.202467112394
6.8066	129.237386985979
6.81433333333333	129.271674997
6.82206666666667	129.305310771134
6.8298	129.339047830022
6.83753333333333	129.372402011411
6.84526666666667	129.405262521582
6.85296666666667	129.437705391684
6.8607	129.468749349924
6.86843333333333	129.499812101723
6.87613333333333	129.530966190558
6.88386666666667	129.561076172791
6.89156666666667	129.590822160494
6.8993	129.61974616182
6.907	129.649847937487
6.91473333333333	129.67943464844
6.92243333333333	129.710142468615
6.93013333333333	129.740213487717
6.93783333333333	129.770171748873
6.94553333333333	129.799603806744
6.95323333333333	129.829082250598
6.96096666666667	129.858111836846
6.96863333333333	129.887671097867
6.97633333333333	129.915454578384
6.98403333333333	129.942866300187
6.99173333333333	129.970133626553
6.99943333333333	129.997913342601
7.00713333333333	130.025002289739
7.0148	130.051831723781
7.0225	130.077569459655
7.03016666666667	130.103567987853
7.03786666666667	130.128820770942
7.04556666666667	130.154522674949
7.05323333333333	130.180013756615
7.0609	130.20525370559
7.0686	130.230013910235
7.07626666666667	130.25606058495
7.08393333333333	130.282234900724
7.09163333333333	130.307776358994
7.0993	130.333710697216
7.10696666666667	130.359492669306
7.11463333333333	130.384608889648
7.1223	130.409077120645
7.12996666666667	130.433676036514
7.13763333333333	130.45792690843
7.1453	130.481736250533
7.15296666666667	130.505183069755
7.16063333333333	130.528245122891
7.16826666666667	130.551063167582
7.17593333333333	130.572686099973
7.1836	130.594440146814
7.19126666666667	130.616213829969
7.1989	130.63792230029
7.20656666666667	130.657886716147
7.2142	130.678011430421
7.22186666666667	130.697497994838
7.2295	130.717523698557
7.23716666666667	130.73639146143
7.2448	130.755828496042
7.25246666666667	130.77482763515
7.2601	130.795149474294
7.26773333333333	130.815091041017
7.2754	130.835154306463
7.28303333333333	130.855905742977
7.29066666666667	130.876630764342
7.2983	130.896748396574
7.30596666666667	130.916271426203
7.3136	130.937016484236
7.32123333333333	130.957204999717
7.32886666666667	130.976718725145
7.3365	130.995741764445
7.34413333333333	131.015055951404
7.35176666666667	131.034147366167
7.3594	131.052922186528
7.36703333333333	131.071444317628
7.37463333333333	131.089784088247
7.38226666666667	131.106971540094
7.3899	131.124306700157
7.39753333333333	131.141876496527
7.40513333333333	131.159603526567
7.41276666666667	131.175783277601
7.4204	131.192262194161
7.428	131.209251833443
7.43563333333333	131.225605285657
7.44326666666667	131.241841481284
7.45086666666667	131.258570694838
7.4585	131.274778192713
7.4661	131.29097042376
7.47373333333333	131.306707912618
7.48133333333333	131.323228112671
7.48896666666667	131.339312569524
7.49656666666667	131.35666750749
7.50416666666667	131.373586971523
7.5118	131.390567320575
7.5194	131.408159051752
7.527	131.425678724713
7.5346	131.442529312219
7.54223333333333	131.458727655451
7.54983333333333	131.476082683593
7.55743333333333	131.492833197812
7.56503333333333	131.508854147958
7.57263333333333	131.524327543992
7.58023333333333	131.540036900333
7.58783333333333	131.555464103213
7.59543333333333	131.570523585361
7.60303333333333	131.585281762512
7.61063333333333	131.599809921142
7.61823333333333	131.614168586334
7.62583333333333	131.628405579646
7.63343333333333	131.642557997535
7.64103333333333	131.656654485627
7.64863333333333	131.670716687059
7.65623333333333	131.684760809614
7.6638	131.698798774276
7.6714	131.711822597291
7.679	131.725063137646
7.6866	131.73859219926
7.69416666666667	131.752310909042
7.70176666666667	131.764505750171
7.70936666666667	131.776986391882
7.71693333333333	131.789960589451
7.72453333333333	131.802288043878
7.7321	131.814451549389
7.7397	131.826065995388
7.7473	131.838355069238
7.75486666666667	131.850646298966
7.76246666666667	131.862363176371
7.77003333333333	131.874109919203
7.77763333333333	131.885478525364
7.7852	131.898144624219
7.79276666666667	131.910417996332
7.80036666666667	131.922807658071
7.80793333333333	131.935842644173
7.81553333333333	131.948868576298
7.8231	131.962275075553
7.83066666666667	131.974843592484
7.83826666666667	131.98727450203
7.84583333333333	132.000166899797
7.8534	132.012929522486
7.86096666666667	132.024978251472
7.86856666666667	132.036358144237
7.87613333333333	132.048880739784
7.8837	132.060822644174
7.89126666666667	132.072055419241
7.89883333333333	132.082761754943
7.9064	132.093727800323
7.91396666666667	132.104429440438
7.92153333333333	132.114788650972
7.92913333333333	132.12487256434
7.9367	132.135763750276
7.94426666666667	132.146310491438
7.95183333333333	132.156480017846
7.9594	132.166405056765
7.96696666666667	132.176816082908
7.9745	132.187137092531
7.98206666666667	132.196249324048
7.98963333333333	132.205384849083
7.9972	132.21466909446
8.00476666666667	132.224043038994
8.01233333333333	132.232836292698
8.0199	132.241666003675
8.02746666666667	132.25067703696
8.03503333333333	132.259855699862
8.04256666666667	132.269172304005
8.05013333333333	132.277596834793
8.0577	132.286294222326
8.06526666666667	132.295322404765
8.0728	132.304558958661
8.08036666666667	132.312279325082
8.08793333333333	132.320241657466
8.0955	132.328634660955
8.10303333333333	132.337309236577
8.1106	132.344502727972
8.11816666666667	132.351932224914
8.1257	132.359754764294
8.13326666666667	132.366797515623
8.14083333333333	132.373444955086
8.14836666666667	132.380290432256
8.15593333333333	132.386278539592
8.16346666666667	132.391753754196
8.17103333333333	132.396284193976
8.1786	132.400905949295
8.18613333333333	132.40481905053
8.1937	132.407324075354
8.20123333333333	132.408734112891
8.2088	132.408504782972
8.21633333333333	132.407447986437
8.2239	132.403643315402
8.23146666666667	132.398252432449
8.239	132.390373518787
8.24656666666667	132.379114717127
8.2541	132.364405813273
8.26166666666667	132.345633062005
8.26923333333333	132.323286598807
8.2768	132.296378461534
8.28433333333333	132.264989585788
8.2919	132.227378701843
8.29946666666667	132.184620607474
8.30703333333333	132.136845716457
8.3146	132.083722343126
8.3222	132.024352439148
8.32976666666667	131.959906065963
8.33733333333333	131.889884744302
8.34493333333333	131.813861903978
8.35253333333333	131.732527799019
8.36013333333333	131.646314926907
8.36773333333333	131.55432846528
8.37533333333333	131.456448243283
8.38293333333333	131.353484902684
8.39056666666667	131.24562512274
8.3982	131.133367902001
8.40583333333333	131.01651853912
8.41346666666667	130.894791443894
8.4211	130.768174390515
8.42876666666667	130.637433330324
8.43643333333333	130.503049497817
8.4441	130.364810683371
8.45176666666667	130.222334210175
8.45946666666667	130.075529332836
8.46716666666667	129.92539680256
8.47486666666667	129.771951064435
8.48256666666667	129.614683582365
8.4903	129.453405567096
8.49803333333333	129.289000918102
8.5058	129.121534363083
8.51353333333333	128.950721681604
8.5213	128.7766519816
8.52906666666667	128.598653885909
8.53686666666667	128.417317046657
8.54466666666667	128.233183095197
8.55246666666667	128.045338069552
8.5603	127.853838590492
8.56813333333333	127.658730439974
8.57596666666667	127.460511983034
8.58383333333333	127.258752546698
8.5917	127.053268461831
8.5996	126.844543601409
8.6075	126.632190982576
8.6154	126.415908950152
8.62333333333333	126.195887192289
8.63126666666667	125.972079767004
8.6392	125.745010613124
8.64716666666667	125.51424824835
8.65516666666667	125.278768467377
8.66316666666667	125.039765727432
8.67116666666667	124.797818842097
8.6792	124.551718341766
8.68723333333333	124.301816399996
8.6953	124.048936505192
8.7034	123.792719736476
8.71146666666667	123.533072054516
8.7196	123.27151229633
8.72773333333333	123.006303932374
8.73586666666667	122.740497021463
8.74403333333333	122.474370593293
8.75223333333333	122.207955124604
8.76043333333333	121.943603613454
8.76863333333333	121.683558903321
8.77686666666667	121.428357141877
8.78513333333333	121.179513825426
8.7934	120.940769606758
8.80166666666667	120.714116961351
8.80996666666667	120.50133680037
8.8183	120.304452518872
8.8266	120.126955017283
8.83493333333333	119.970616033095
8.8433	119.835296302526
8.85163333333333	119.723427804619
8.86	119.63579319746
8.86836666666667	119.57099160001
8.87673333333333	119.529247538197
8.8851	119.51041125261
8.89346666666667	119.512836899564
8.90183333333333	119.535647045099
8.9102	119.577248813376
8.91856666666667	119.63556289073
8.9269	119.708180487593
8.93526666666667	119.791659333514
8.9436	119.885467437379
8.95193333333333	119.986972918585
8.96026666666667	120.094627353493
8.96856666666667	120.206028839258
8.9769	120.318520913281
8.9852	120.431920527383
8.9935	120.543960802803
9.00176666666667	120.654094810088
9.01006666666667	120.759748136554
9.01833333333333	120.862424998055
9.0266	120.960540899809
9.03486666666667	121.054068017414
9.0431	121.142402558507
9.05136666666667	121.224846201276
9.0596	121.302742654973
9.06783333333333	121.375670788763
9.07606666666667	121.444451149789
9.0843	121.50908399916
9.09253333333333	121.570515463518
9.10076666666667	121.62882950914
9.10896666666667	121.684400948207
9.1172	121.736813946317
9.1254	121.788145169556
9.1336	121.838688059114
9.1418	121.889331416537
9.15	121.94006441905
9.1582	121.991778734539
9.1664	122.044423827262
9.1746	122.098105021749
9.18276666666667	122.153162743376
9.19096666666667	122.208930966768
9.19913333333333	122.267453630816
9.20733333333333	122.32870561077
9.2155	122.394415592444
9.22366666666667	122.462567252618
9.2318	122.533866793909
9.23996666666667	122.606695446919
9.24813333333333	122.683104878267
9.25626666666667	122.762238432057
9.2644	122.84253760837
9.27253333333333	122.924570532687
9.28066666666667	123.009238262888
9.2888	123.096623223951
9.2969	123.185823149453
9.30503333333333	123.275233043502
9.31313333333333	123.366438769246
9.32123333333333	123.45858286456
9.32933333333333	123.552025826088
9.3374	123.646035850613
9.3455	123.739686291982
9.35356666666667	123.833959902674
9.36163333333333	123.927809216649
9.3697	124.021576926144
9.37776666666667	124.114569883213
9.3858	124.20705753128
9.39386666666667	124.297143316519
9.4019	124.386317750581
9.40993333333333	124.473850127652
9.41796666666667	124.560230179232
9.42596666666667	124.644931463113
9.434	124.727231116177
9.442	124.80828852491
9.45	124.886513772972
9.45803333333333	124.963068269625
9.466	125.038949937038
9.474	125.11200259696
9.482	125.183616381398
9.48996666666667	125.253609590195
9.49796666666667	125.32148347885
9.50593333333333	125.387765454575
9.5139	125.452390998391
9.52186666666667	125.516051179022
9.52983333333333	125.57835445418
9.5378	125.639919662708
9.54576666666667	125.700299158062
9.5537	125.759433248756
9.56166666666667	125.816353801762
9.5696	125.872752904943
9.57753333333333	125.928274573238
9.58546666666667	125.983394099808
9.5934	126.037693535866
9.60133333333333	126.091778491957
9.60926666666667	126.145209609986
9.6172	126.197921394166
9.6251	126.250062662689
9.63303333333333	126.300686890715
9.64093333333333	126.351407786384
9.64886666666667	126.401155799388
9.65676666666667	126.452061351406
9.66466666666667	126.502413756584
9.67256666666667	126.552911864451
9.68046666666667	126.603217591092
9.68836666666667	126.653857727132
9.69626666666667	126.704330640428
9.70413333333333	126.754504448887
9.71203333333333	126.80334340189
9.7199	126.85239774543
9.7278	126.900567258509
9.73566666666667	126.949922614311
9.74353333333333	126.998721470951
9.75143333333333	127.047622683861
9.7593	127.097389802799
9.76716666666667	127.14707130827
9.775	127.196226623553
9.78286666666667	127.243729629276
9.79073333333333	127.291776409631
9.79856666666667	127.33982921946
9.80643333333333	127.386506115179
9.81426666666667	127.432638174081
9.82213333333333	127.477695282425
9.82996666666667	127.523936564698
9.8378	127.569632956959
9.84563333333333	127.615407135777
9.85346666666667	127.660865977693
9.8613	127.706501122597
9.86913333333333	127.751780328358
9.87696666666667	127.79654941657
9.88476666666667	127.840871209412
9.8926	127.883729103533
9.9004	127.926621711283
9.90823333333333	127.968468565022
9.91603333333333	128.010604615449
9.92386666666667	128.051895396908
9.93166666666667	128.094280939251
9.93946666666667	128.136029747835
9.94726666666667	128.177715604161
9.95506666666667	128.218928307622
9.96286666666667	128.260192410194
9.97066666666667	128.30100323819
9.97843333333333	128.341236625774
9.98623333333333	128.379883483078
9.99403333333333	128.41843591357
10.0018	128.456960361929
10.0096	128.494316919258
10.0173666666667	128.531263336683
10.0251333333333	128.5679284951
10.0329333333333	128.604774389579
10.0407	128.642371086043
10.0484666666667	128.679854027969
10.0562333333333	128.716710767173
10.064	128.752923303262
10.0717666666667	128.789244699315
10.0795333333333	128.825204141526
10.0873	128.860686697706
10.0950333333333	128.895771447414
10.1028	128.929473987547
10.1105666666667	128.963235558983
10.1183	128.997121157744
10.1260666666667	129.029984144532
10.1338	129.062530556312
10.1415666666667	129.094276927863
10.1493	129.127277005965
10.1570333333333	129.159828047572
10.1647666666667	129.1924880797
10.1725333333333	129.224839563576
10.1802666666667	129.258480008479
10.188	129.291519775932
10.1957333333333	129.323823644802
10.2034666666667	129.3555782483
10.2112	129.387561152591
10.2189	129.419289064861
10.2266333333333	129.449567136814
10.2343666666667	129.479793284643
10.2420666666667	129.51005653305
10.2498	129.539237855343
10.2575333333333	129.568029119891
10.2652333333333	129.597049642003
10.2729333333333	129.625333070962
10.2806666666667	129.65304808198
10.2883666666667	129.682132780102
10.2960666666667	129.711454937598
10.3038	129.740269552706
10.3115	129.769582900928
10.3192	129.798796423114
10.3269	129.827398364713
10.3346	129.855388377734
10.3423	129.883529722511
10.35	129.911344046912
10.3577	129.938724305991
10.3654	129.965745294881
10.3730666666667	129.992493348782
10.3807666666667	130.01798773643
10.3884666666667	130.043491750857
10.3961666666667	130.069250818459
10.4038333333333	130.095148561276
10.4115333333333	130.119429496721
10.4192	130.143701316276
10.4269	130.167477703472
10.4345666666667	130.191835177304
10.4422666666667	130.215626216304
10.4499333333333	130.240483533568
10.4576	130.264868170845
10.4652666666667	130.289150540809
10.4729666666667	130.312863773135
10.4806333333333	130.337649638668
10.4883	130.361701842627
10.4959666666667	130.384926856109
10.5036333333333	130.407534840673
10.5113	130.43032691489
10.5189666666667	130.452818289763
10.5266333333333	130.474925736294
10.5343	130.496728218987
10.5419666666667	130.518311425715
10.5496333333333	130.539748996423
10.5572666666667	130.561099783876
10.5649333333333	130.581369119819
10.5726	130.601866983766
10.5802333333333	130.622659800733
10.5879	130.642617947395
10.5955666666667	130.662334789562
10.6032	130.682441660209
10.6108666666667	130.701951477345
10.6185	130.721425390198
10.6261666666667	130.740414722515
10.6338	130.760745786636
10.6414666666667	130.780717936634
10.6491	130.801905479882
10.6567333333333	130.822556675383
10.6643666666667	130.843179385289
10.6720333333333	130.863324547599
10.6796666666667	130.884626954646
10.6873	130.905284580338
10.6949333333333	130.925183182766
10.7025666666667	130.944515450891
10.7102	130.9640702519
10.7178333333333	130.983343953903
10.7254666666667	131.002248863197
10.7331	131.020854899998
10.7407333333333	131.039238140242
10.7483666666667	131.05746347089
10.756	131.07558229472
10.7636333333333	131.093634318287
10.7712666666667	131.111649913525
10.7789	131.129651660687
10.7865	131.147656049537
10.7941333333333	131.164643726231
10.8017666666667	131.181877028544
10.8093666666667	131.199412860285
10.817	131.21611788435
10.8246333333333	131.232548639549
10.8322333333333	131.24934278824
10.8398666666667	131.265510459885
10.8474666666667	131.281580443249
10.8551	131.297127833615
10.8627	131.313402770427
10.8703333333333	131.329203472344
10.8779333333333	131.346241294106
10.8855333333333	131.362820028432
10.8931666666667	131.379437580807
10.9007666666667	131.396649804388
10.9083666666667	131.413776588234
10.916	131.430223759721
10.9236	131.447043357283
10.9312	131.463758986397
10.9388	131.479812280804
10.9464	131.495235690214
10.9540333333333	131.510809932208
10.9616333333333	131.527064229685
10.9692333333333	131.542678849331
10.9768333333333	131.557673996313
10.9844333333333	131.572233377861
10.9920333333333	131.587126086417
10.9996333333333	131.601817269765
11.0072333333333	131.616205332226
11.0148333333333	131.630342683962
11.0224	131.644287741049
11.03	131.657073347762
11.0376	131.669958802514
11.0452	131.683038607659
11.0528	131.696228047993
11.0604	131.708838841733
11.0679666666667	131.721463737238
11.0755666666667	131.733228030524
11.0831666666667	131.745322017074
11.0907333333333	131.757776960399
11.0983333333333	131.769437461419
11.1059333333333	131.78078219005
11.1135	131.792441238998
11.1211	131.803408771797
11.1287	131.814142295736
11.1362666666667	131.825245109702
11.1438666666667	131.835682835563
11.1514333333333	131.845880891634
11.1590333333333	131.85541586728
11.1666	131.865438716991
11.1742	131.874228872546
11.1817666666667	131.883361997676
11.1893666666667	131.891741709614
11.1969333333333	131.900962543735
11.2045333333333	131.909299038751
11.2121	131.918144429695
11.2196666666667	131.925730568462
11.2272666666667	131.932453001776
11.2348333333333	131.938731265231
11.2424	131.943889664869
11.25	131.947167444362
11.2575666666667	131.949412048136
11.2651666666667	131.950099807144
11.2727333333333	131.949357977161
11.2803	131.945887974167
11.2879	131.940095963382
11.2954666666667	131.93221310362
11.3030333333333	131.921550791703
11.3106333333333	131.907146361373
11.3182	131.889635073089
11.3258	131.868571987485
11.3333666666667	131.84381681697
11.3409666666667	131.814254497429
11.3485666666667	131.780534496567
11.3561333333333	131.741947996098
11.3637333333333	131.698023395555
11.3713333333333	131.648752965789
11.3789333333333	131.594907825753
11.3865333333333	131.536384321045
11.3941333333333	131.472331235416
11.4017666666667	131.403248132035
11.4093666666667	131.329812123865
11.417	131.251452305241
11.4246	131.168261736636
11.4322333333333	131.079398489581
11.4398666666667	130.985613676353
11.4475	130.886717151152
11.4551666666667	130.783179442024
11.4628	130.674864810891
11.4704666666667	130.562177548042
11.4781333333333	130.444563442561
11.4858	130.322367133529
11.4935	130.196122432229
11.5011666666667	130.065538063601
11.5088666666667	129.931150127163
11.5165666666667	129.79214839813
11.5243	129.648920574772
11.532	129.502380154088
11.5397333333333	129.351864900471
11.5475	129.196824183984
11.5552333333333	129.038102491691
11.563	128.876542234368