-0.8816	135.135135135135
-0.8742	135.135135135135
-0.8668	135.135135135135
-0.8594	135.135135135135
-0.852	135.135135135135
-0.8446	135.135135135135
-0.8372	135.135135135135
-0.8298	135.135135135135
-0.8224	135.135135135135
-0.815	135.135135135135
-0.8076	135.135135135135
-0.8002	135.135135135135
-0.7928	135.135135135135
-0.7854	135.135135135135
-0.778	135.135135135135
-0.7706	135.135135135135
-0.7632	135.135135135135
-0.7558	135.135135135135
-0.7484	135.135135135135
-0.741	135.135135135135
-0.7336	135.135135135135
-0.7262	135.135135135135
-0.7188	135.135135135135
-0.7114	135.135135135135
-0.704	135.135135135135
-0.6966	135.135135135135
-0.6892	135.135135135135
-0.6818	135.135135135135
-0.6744	135.135135135135
-0.667	135.135135135135
-0.6596	135.135135135135
-0.6522	135.135135135135
-0.6448	135.135135135135
-0.6374	135.135135135135
-0.63	135.135135135135
-0.6236	156.25
-0.6172	156.25
-0.6108	156.25
-0.6044	156.25
-0.598	156.25
-0.591366666666667	150.556689867395
-0.584533333333333	146.385122016462
-0.577533333333333	143.330328458459
-0.570466666666667	141.083064403318
-0.5633	139.438595722788
-0.556066666666667	138.219944861488
-0.548766666666667	137.313450956466
-0.541466666666667	136.632630482078
-0.5341	136.11669612806
-0.526733333333333	135.714209553027
-0.519366666666667	135.393328762392
-0.511966666666667	135.128104488457
-0.504533333333333	134.900933434699
-0.4971	134.670489933397
-0.489666666666667	134.465721905867
-0.482233333333333	134.278468631948
-0.474766666666667	134.104040647889
-0.4673	133.939876424281
-0.459833333333333	133.783698551286
-0.452333333333333	133.633928850184
-0.444866666666667	133.490380453377
-0.437366666666667	133.353374644874
-0.429866666666667	133.221905233683
-0.422333333333333	133.096474707267
-0.414833333333333	132.9783420891
-0.4073	132.86691183841
-0.399766666666667	132.762279946695
-0.392233333333333	132.664978568269
-0.384666666666667	132.57545226457
-0.377133333333333	132.493609312361
-0.369566666666667	132.419379215497
-0.362033333333333	132.352867675155
-0.354466666666667	132.292955884119
-0.3469	132.240359195495
-0.339333333333333	132.19446936208
-0.331766666666667	132.155397636055
-0.3242	132.122171579669
-0.316633333333333	132.095001067994
-0.309066666666667	132.073616232474
-0.3015	132.057611458494
-0.293933333333333	132.046588440685
-0.286333333333333	132.040168635902
-0.278766666666667	132.038948530562
-0.2712	132.041495850475
-0.263633333333333	132.047354036205
-0.256066666666667	132.05630313781
-0.248466666666667	132.068773600879
-0.2409	132.084882282148
-0.233333333333333	132.103008647816
-0.225766666666667	132.122873911097
-0.2182	132.144364418913
-0.210633333333333	132.168010328146
-0.203066666666667	132.192997070339
-0.1955	132.219022454297
-0.187933333333333	132.245942015743
-0.1804	132.273628364361
-0.172833333333333	132.300898804033
-0.165266666666667	132.328960262626
-0.1577	132.357696760145
-0.150166666666667	132.38690856174
-0.1426	132.414708406415
-0.135066666666667	132.442953627284
-0.1275	132.470605980369
-0.119966666666667	132.498796729458
-0.112433333333333	132.52604410795
-0.104866666666667	132.553084285602
-0.0973333333333334	132.580476094018
-0.0898	132.607480729187
-0.0822666666666667	132.633482281181
-0.0747	132.658460964056
-0.0671666666666667	132.684224432832
-0.0596333333333334	132.708883364636
-0.0521	132.732347996673
-0.0445666666666667	132.754765104277
-0.0370333333333334	132.776911526558
-0.0295000000000001	132.798224126255
-0.0219666666666666	132.818629773541
-0.0144666666666667	132.838194622074
-0.00693333333333328	132.855965224364
0.000600000000000023	132.8732551544
0.00813333333333333	132.890154658394
0.0156333333333334	132.906619259062
0.0231666666666667	132.920965936505
0.0307	132.935067646731
0.0382	132.949123679873
0.0457333333333333	132.962038807445
0.0532666666666666	132.97430795729
0.0607666666666667	132.986597701732
0.0683	132.997932404323
0.0758	133.008778736329
0.0833333333333333	133.018791067208
0.0908333333333334	133.029040137693
0.0983666666666667	133.038027343429
0.105866666666667	133.047284463919
0.1134	133.055818385344
0.1209	133.065022610859
0.128433333333333	133.073554704547
0.135933333333333	133.08268410225
0.143466666666667	133.091043704367
0.150966666666667	133.099919646419
0.158466666666667	133.107967367984
0.166	133.115507422495
0.1735	133.123257807298
0.181	133.130623273303
0.188533333333333	133.137172612978
0.196033333333333	133.14383423839
0.203533333333333	133.150252070061
0.211066666666667	133.15584905687
0.218566666666667	133.161689392854
0.226066666666667	133.167432699896
0.2336	133.172479769961
0.2411	133.177873747435
0.2486	133.183260111053
0.2561	133.188022782469
0.263633333333333	133.192213717163
0.271133333333333	133.197608099044
0.278633333333333	133.202508539878
0.286133333333333	133.206785918274
0.293633333333333	133.210607362207
0.301166666666667	133.214757455659
0.308666666666667	133.219658016437
0.316166666666667	133.224092518533
0.323666666666667	133.228037423479
0.331166666666667	133.231642634624
0.3387	133.235669269317
0.3462	133.240517215644
0.3537	133.244952325801
0.3612	133.248937066505
0.3687	133.252610086905
0.3762	133.256723787359
0.3837	133.260692105852
0.3912	133.264433357581
0.398733333333333	133.267996347724
0.406233333333333	133.27240865667
0.413733333333333	133.276555916741
0.421233333333333	133.280377066134
0.428733333333333	133.283980885295
0.436233333333333	133.288093894293
0.443733333333333	133.292108553841
0.451233333333333	133.295927013497
0.458733333333333	133.299585524151
0.466233333333333	133.303124577098
0.473733333333333	133.306577880833
0.481233333333333	133.30997124241
0.488733333333333	133.31332405011
0.496233333333333	133.316650772229
0.503733333333333	133.319962031237
0.511233333333333	133.323265577746
0.518733333333333	133.326566951442
0.526233333333333	133.32986998124
0.533733333333333	133.333177050497
0.541233333333333	133.336489421596
0.548733333333333	133.339807498703
0.556233333333333	133.343131029929
0.563733333333333	133.346459265983
0.571233333333333	133.349791086309
0.578733333333333	133.353125099247
0.586233333333333	133.356459444506
0.593733333333333	133.359792409857
0.601233333333333	133.363125950545
0.608733333333333	133.366464889196
0.616233333333333	133.369811796544
0.623733333333333	133.37316104618
0.631233333333333	133.376503818839
0.638733333333333	133.379831306484
0.646233333333333	133.383135290538
0.653733333333333	133.386408259337
0.661233333333333	133.389643442964
0.668733333333333	133.392834824523
0.6762	133.395977134891
0.6837	133.398100921601
0.6912	133.400341767196
0.6987	133.402793345353
0.7062	133.405368010915
0.7137	133.407358989797
0.7212	133.40938354972
0.7287	133.411543813244
0.736166666666667	133.413809418616
0.743666666666667	133.41518288499
0.751166666666667	133.416767966431
0.758666666666667	133.418641205232
0.766166666666667	133.420698816778
0.773666666666667	133.42222146197
0.781166666666667	133.423816558103
0.788633333333333	133.425578568923
0.796133333333333	133.426510290813
0.803633333333333	133.427701673135
0.811133333333333	133.429221708645
0.818633333333333	133.430958842417
0.826133333333333	133.432187434274
0.8336	133.433509761857
0.8411	133.434056930841
0.8486	133.434916273865
0.8561	133.436149691271
0.8636	133.437636966436
0.8711	133.438645300657
0.878566666666667	133.439771073903
0.886066666666667	133.440141253501
0.893566666666667	133.440838005193
0.901066666666667	133.441921242541
0.908566666666667	133.443268577866
0.916033333333333	133.444145364954
0.923533333333333	133.444188773183
0.931033333333333	133.444605971181
0.938533333333333	133.445459489572
0.946033333333333	133.446618705922
0.9535	133.447340845782
0.961	133.447256669635
0.9685	133.447566588789
0.976	133.448329211677
0.9835	133.449410493159
0.991	133.450064960311
0.998466666666667	133.450878417937
1.00596666666667	133.450970139806
1.01346666666667	133.451412768658
1.02096666666667	133.452262263764
1.02846666666667	133.453392202748
1.03593333333333	133.454064722407
1.04343333333333	133.453914905416
1.05093333333333	133.454145732199
1.05843333333333	133.454819028884
1.06593333333333	133.455802999331
1.0734	133.456353925891
1.0809	133.456102320726
1.0884	133.45624611284
1.0959	133.456844296086
1.10336666666667	133.457762611024
1.11086666666667	133.457299625532
1.11836666666667	133.457158862164
1.12586666666667	133.457526232765
1.13336666666667	133.458267113576
1.14083333333333	133.458626475282
1.14833333333333	133.458224856156
1.15583333333333	133.458249965733
1.16333333333333	133.458754298531
1.17083333333333	133.459597874622
1.1783	133.460030617456
1.1858	133.459678376538
1.1933	133.459733690296
1.2008	133.460252729834
1.2083	133.461098715104
1.21576666666667	133.461523997933
1.22326666666667	133.461156369307
1.23076666666667	133.461189537159
1.23826666666667	133.461681083348
1.24573333333333	133.462495331535
1.25323333333333	133.461930280354
1.26073333333333	133.461687022256
1.26823333333333	133.461951254488
1.27573333333333	133.462587986179
1.2832	133.462841931962
1.2907	133.462333827143
1.2982	133.462249657988
1.3057	133.462642435818
1.31316666666667	133.463372348863
1.32066666666667	133.462734617524
1.32816666666667	133.462426957111
1.33566666666667	133.462633462059
1.34316666666667	133.463217580134
1.35063333333333	133.463422799053
1.35813333333333	133.462869085947
1.36563333333333	133.462740938561
1.37313333333333	133.463091024345
1.3806	133.463779159147
1.3881	133.463100548268
1.3956	133.462751994015
1.4031	133.462917601805
1.4106	133.463460768162
1.41806666666667	133.463624959001
1.42556666666667	133.463030314311
1.43306666666667	133.46286062598
1.44056666666667	133.463168792037
1.44806666666667	133.463814727411
1.45553333333333	133.464048341985
1.46303333333333	133.463496314924
1.47053333333333	133.463348126016
1.47803333333333	133.463661115642
1.4855	133.46429898006
1.493	133.463560339779
1.5005	133.463143236078
1.508	133.463233865481
1.5155	133.463697304898
1.52296666666667	133.463778386558
1.53046666666667	133.463098694597
1.53796666666667	133.46284159739
1.54546666666667	133.463061073683
1.55293333333333	133.463617601198
1.56043333333333	133.462807463441
1.56793333333333	133.462324806125
1.57543333333333	133.462352577394
1.58293333333333	133.462751313296
1.5904	133.462760407066
1.5979	133.461995612857
1.6054	133.461631687362
1.6129	133.461714521247
1.62036666666667	133.462095111437
1.62786666666667	133.461061000851
1.63536666666667	133.460293954378
1.64286666666667	133.459967629492
1.65036666666667	133.459932407741
1.65783333333333	133.45941698277
1.66533333333333	133.458029646949
1.67283333333333	133.456928186363
1.68033333333333	133.456148419558
1.68783333333333	133.455526477851
1.6953	133.454283479097
1.7028	133.452022339067
1.7103	133.449877925433
1.7178	133.447868147832
1.7253	133.445800041472
1.73276666666667	133.442856018516
1.74026666666667	133.438603094263
1.74776666666667	133.434102615985
1.75526666666667	133.429313888041
1.76276666666667	133.423965000064
1.77026666666667	133.417146647509
1.77773333333333	133.409263597794
1.78523333333333	133.399287858063
1.79273333333333	133.387977951219
1.80023333333333	133.375197784395
1.80773333333333	133.360570718925
1.81523333333333	133.343099427695
1.82273333333333	133.323129677644
1.83023333333333	133.300497874756
1.83773333333333	133.274925867649
1.84523333333333	133.246150387569
1.85276666666667	133.213938755053
1.86026666666667	133.178882563811
1.86776666666667	133.1400148156
1.8753	133.096946245964
1.8828	133.050402391006
1.89033333333333	133.000338678217
1.89783333333333	132.946473231273
1.90536666666667	132.887754655566
1.9129	132.82524347204
1.92043333333333	132.758612366252
1.92796666666667	132.688387955655
1.9355	132.613934394412
1.94306666666667	132.535889941304
1.9506	132.454941936541
1.95816666666667	132.370666833694
1.96573333333333	132.283161304083
1.97326666666667	132.192294854045
1.98086666666667	132.098002778944
1.98843333333333	132.000343836437
1.996	131.900227054843
2.0036	131.797259239933
2.0112	131.691383662406
2.0188	131.583798844916
2.0264	131.473519075448
2.034	131.36021978106
2.04163333333333	131.244502913321
2.04926666666667	131.126728710122
2.0569	131.00665004669
2.06453333333333	130.8837165793
2.07216666666667	130.757668843364
2.07983333333333	130.629082839337
2.0875	130.498389189656
2.09516666666667	130.365229573251
2.10283333333333	130.229056964825
2.11053333333333	130.08962166981
2.11823333333333	129.947808905354
2.12593333333333	129.803399687192
2.13363333333333	129.655843586733
2.14136666666667	129.504891587713
2.1491	129.35138316857
2.15683333333333	129.195127156044
2.1646	129.035576500203
2.17233333333333	128.872724540439
2.1801	128.707431687148
2.1879	128.538462406951
2.1957	128.366410696025
2.2035	128.192228170816
2.2113	128.014204190688
2.21913333333333	127.832630499715
2.22696666666667	127.648408695592
2.2348	127.461478699502
2.24266666666667	127.271379893633
2.25053333333333	127.078131656209
2.2584	126.882439212844
2.2663	126.684150278761
2.2742	126.483430796392
2.28213333333333	126.281169818784
2.29006666666667	126.077483977638
2.298	125.872627368574
2.30596666666667	125.667480719096
2.31393333333333	125.462865550278
2.3219	125.26018685006
2.3299	125.060055899598
2.33793333333333	124.862767368053
2.34593333333333	124.670859397451
2.35396666666667	124.485928532559
2.36203333333333	124.307699933725
2.37006666666667	124.138989855027
2.37813333333333	123.981904897911
2.3862	123.835639445874
2.3943	123.702173832262
2.4024	123.583442295824
2.4105	123.47902404396
2.4186	123.389543518363
2.4267	123.315323569685
2.4348	123.257028440443
2.44293333333333	123.214488139708
2.45103333333333	123.187900948565
2.45916666666667	123.175614918703
2.4673	123.176532106688
2.4754	123.189546057047
2.48353333333333	123.213109903991
2.49163333333333	123.246773879046
2.49973333333333	123.289654278928
2.50786666666667	123.340892217266
2.51596666666667	123.399747661687
2.52406666666667	123.463978730706
2.53213333333333	123.531901392851
2.54023333333333	123.601220772719
2.54833333333333	123.673219224809
2.5564	123.746470093182
2.56446666666667	123.818664390641
2.57256666666667	123.889518367315
2.58063333333333	123.960585030166
2.5887	124.030252306735
2.59673333333333	124.097727324126
2.6048	124.161652668288
2.61283333333333	124.224153427488
2.6209	124.283595366203
2.62893333333333	124.341921169608
2.63696666666667	124.397619818779
2.645	124.451385291909
2.65303333333333	124.503257713251
2.66106666666667	124.553991674608
2.6691	124.603542148707
2.67713333333333	124.651855422045
2.68513333333333	124.69938397907
2.69316666666667	124.745515413883
2.70116666666667	124.792048046641
2.70916666666667	124.838877818241
2.7172	124.886537233243
2.7252	124.935748929935
2.7332	124.985813223229
2.7412	125.036411853896
2.74916666666667	125.087675792868
2.75716666666667	125.139380585014
2.76516666666667	125.192544863552
2.77313333333333	125.247039373588
2.78113333333333	125.301765957157
2.7891	125.357632185346
2.79706666666667	125.414788998906
2.80503333333333	125.4738075184
2.813	125.534138828698
2.82096666666667	125.596288637762
2.82893333333333	125.659608769234
2.8369	125.723936389093
2.84483333333333	125.789269356823
2.85276666666667	125.854419963472
2.86073333333333	125.920358429242
2.86866666666667	125.988543368627
2.8766	126.057357581433
2.88453333333333	126.126151365867
2.89243333333333	126.194818580122
2.90036666666667	126.262881910057
2.90826666666667	126.331359162385
2.9162	126.398740378956
2.9241	126.467146751533
2.932	126.53465994971
2.9399	126.602019694367
2.9478	126.668811121826
2.9557	126.7355406466
2.96356666666667	126.801644279298
2.97146666666667	126.865797064276
2.97933333333333	126.92959626049
2.9872	126.99246466711
2.99506666666667	127.05479454702
3.00293333333333	127.116070160861
3.0108	127.176859061764
3.01866666666667	127.236650094098
3.02653333333333	127.295335282876
3.03436666666667	127.353007976937
3.04223333333333	127.408644669791
3.05006666666667	127.463847290261
3.0579	127.518113190981
3.06576666666667	127.571820054233
3.0736	127.625612061633
3.08143333333333	127.678603811873
3.08923333333333	127.730403150938
3.09706666666667	127.779935579012
3.1049	127.829461961303
3.1127	127.878467887573
3.12053333333333	127.925651852183
3.12833333333333	127.971878330635
3.13616666666667	128.016681012982
3.14396666666667	128.062288036806
3.15176666666667	128.106994784868
3.15956666666667	128.151483442006
3.16736666666667	128.195380659229
3.17516666666667	128.239247715958
3.18296666666667	128.282580923581
3.19076666666667	128.325278451672
3.19856666666667	128.367437111503
3.20633333333333	128.409170217756
3.21413333333333	128.449488419296
3.2219	128.489870381773
3.2297	128.529264997508
3.23746666666667	128.569605308761
3.24523333333333	128.609179828103
3.253	128.648650078325
3.2608	128.687643265581
3.26856666666667	128.727824548418
3.27633333333333	128.767297031555
3.2841	128.805987942071
3.29183333333333	128.844105418326
3.2996	128.881364550677
3.30736666666667	128.918657208737
3.3151	128.955852874075
3.32286666666667	128.991823895739
3.33063333333333	129.02732568158
3.33836666666667	129.062987894747
3.3461	129.097853279071
3.35386666666667	129.132126444094
3.3616	129.167782199689
3.36933333333333	129.203657843331
3.37706666666667	129.239038005849
3.3848	129.273863927389
3.39253333333333	129.308872755395
3.40026666666667	129.343560433216
3.408	129.377810788302
3.41573333333333	129.4116923465
3.42346666666667	129.445287807642
3.43116666666667	129.478670805319
3.4389	129.510828688468
3.44663333333333	129.543151910484
3.45433333333333	129.575679921372
3.46206666666667	129.607253482382
3.46976666666667	129.638536852287
3.47746666666667	129.669621216958
3.4852	129.700895515559
3.4929	129.732883687867
3.5006	129.764785771174
3.5083	129.796051752287
3.516	129.826668127556
3.5237	129.85739543014
3.5314	129.887741471266
3.5391	129.917604565456
3.5468	129.947061329107
3.5545	129.976199151272
3.5622	130.005094813089
3.56986666666667	130.033810664148
3.57756666666667	130.061336258401
3.58526666666667	130.089024026849
3.59293333333333	130.11692562242
3.60063333333333	130.143891969558
3.6083	130.170552335587
3.616	130.196458900641
3.62366666666667	130.223538216097
3.63133333333333	130.250093706053
3.63903333333333	130.276684975448
3.6467	130.30393857342
3.65436666666667	130.331091971201
3.66203333333333	130.357585311198
3.6697	130.383416332343
3.67736666666667	130.409355274591
3.68503333333333	130.434913470677
3.6927	130.459997847249
3.70036666666667	130.484687637086
3.70803333333333	130.509070481073
3.7157	130.533222453423
3.72336666666667	130.557204785252
3.731	130.581065887214
3.73866666666667	130.603797827058
3.74633333333333	130.626712108061
3.75396666666667	130.64987194252
3.76163333333333	130.67213918278
3.7693	130.694106224376
3.77693333333333	130.716398597606
3.78456666666667	130.738032299822
3.79223333333333	130.758534312218
3.79986666666667	130.780291621051
3.80753333333333	130.802366922517
3.81516666666667	130.825069943233
3.8228	130.847063553349
3.83046666666667	130.869022548211
3.8381	130.891568567482
3.84573333333333	130.913998395632
3.85336666666667	130.935636286813
3.861	130.956671351501
3.86863333333333	130.977744558547
3.87626666666667	130.998397879599
3.8839	131.018404799199
3.89153333333333	131.038020379326
3.89916666666667	131.057192227754
3.9068	131.075993664409
3.91443333333333	131.09451354126
3.92203333333333	131.112829249711
3.92966666666667	131.129976232661
3.9373	131.147255340888
3.94493333333333	131.164758244311
3.95253333333333	131.182412856493
3.96016666666667	131.198519470164
3.9678	131.214927384245
3.9754	131.231850747769
3.98303333333333	131.248147812387
3.99063333333333	131.264336022374
3.99826666666667	131.280005043942
4.00586666666667	131.296413264522
4.0135	131.311851750599
4.0211	131.328507713933
4.02873333333333	131.344843583463
4.03633333333333	131.362426149206
4.04393333333333	131.379513409631
4.05156666666667	131.396606284828
4.05916666666667	131.414271905806
4.06676666666667	131.431851617562
4.0744	131.448764052202
4.082	131.466071606516
4.0896	131.483306176133
4.0972	131.499911248255
4.1048	131.515921010081
4.1124	131.532118518393
4.12	131.547996409644
4.1276	131.563483883774
4.1352	131.578658481188
4.1428	131.593599621985
4.1504	131.608373871567
4.158	131.623033338486
4.1656	131.637618041016
4.1732	131.652158501722
4.1808	131.666677573982
4.1884	131.681192033065
4.19596666666667	131.695713851413
4.20356666666667	131.709234021299
4.21116666666667	131.722985090982
4.21876666666667	131.737035875626
4.22633333333333	131.75128728194
4.23393333333333	131.764022934481
4.24153333333333	131.777055830041
4.2491	131.790589170359
4.2567	131.803480816897
4.2643	131.816214538925
4.27186666666667	131.829416597068
4.27946666666667	131.842076940688
4.28703333333333	131.854669252229
4.29463333333333	131.866787048393
4.3022	131.879636579097
4.3098	131.891510469751
4.31736666666667	131.904541964971
4.32493333333333	131.917194679904
4.33253333333333	131.929993851418
4.3401	131.943464401155
4.3477	131.956945327863
4.35526666666667	131.970822282496
4.36283333333333	131.983869976633
4.3704	131.996788051859
4.378	132.009152424006
4.38556666666667	132.022614799968
4.39313333333333	132.035430124989
4.4007	132.047477185058
4.4083	132.058945149811
4.41586666666667	132.071644573138
4.42343333333333	132.083833986646
4.431	132.095370190758
4.43856666666667	132.106421647935
4.44613333333333	132.117764490151
4.4537	132.128864015865
4.46126666666667	132.139636107384
4.46883333333333	132.15014245084
4.4764	132.160448405893
4.48396666666667	132.170608869836
4.49153333333333	132.180666926906
4.4991	132.19065586042
4.50666666666667	132.200601307932
4.51423333333333	132.210522630401
4.5218	132.220434357637
4.52936666666667	132.230347231125
4.53693333333333	132.240268988926
4.54446666666667	132.250204850007
4.55203333333333	132.259157324323
4.5596	132.268323791576
4.56716666666667	132.277786634375
4.57473333333333	132.287449111765
4.58226666666667	132.296608646946
4.58983333333333	132.304861925647
4.5974	132.313525311784
4.60496666666667	132.322656600873
4.6125	132.332121542255
4.62006666666667	132.340184792353
4.62763333333333	132.348606413133
4.63516666666667	132.35757654136
4.64273333333333	132.365955634094
4.6503	132.374183099172
4.65783333333333	132.382897973628
4.6654	132.391095511496
4.67293333333333	132.399210516439
4.6805	132.406870700224
4.68803333333333	132.415244440702
4.6956	132.422652640614
4.70316666666667	132.430718126944
4.7107	132.438894467249
4.71826666666667	132.446616624071
4.7258	132.454423429008
4.73336666666667	132.461918462189
4.7409	132.470695576623
4.74843333333333	132.479072278181
4.756	132.487554421155
4.76353333333333	132.49664566528
4.7711	132.50573514074
4.77863333333333	132.515180715939
4.7862	132.523798873086
4.79373333333333	132.533285323569
4.80126666666667	132.542009417713
4.80883333333333	132.550533918702
4.81636666666667	132.559433263459
4.8239	132.568168887505
4.83143333333333	132.576148881241
4.839	132.583429547764
4.84653333333333	132.591810898862
4.85406666666667	132.599590873252
4.8616	132.606632140583
4.86916666666667	132.613107591346
4.8767	132.620793772765
4.88423333333333	132.627961966485
4.89176666666667	132.634442649873
4.8993	132.640383147838
4.90686666666667	132.646540635526
4.9144	132.653347636428
4.92193333333333	132.659526403926
4.92946666666667	132.665022944729
4.937	132.669966072199
4.94453333333333	132.675082038698
4.95206666666667	132.679773590979
4.9596	132.683906625299
4.96716666666667	132.687480166045
4.9747	132.691468152189
4.98223333333333	132.694686128235
4.98976666666667	132.696981474626
4.9973	132.698368900396
5.00483333333333	132.699447949877
5.01236666666667	132.69947517428
5.0199	132.69816217771
5.02743333333333	132.69534497403
5.03496666666667	132.690837548694
5.0425	132.684419248025
5.05006666666667	132.675833369084
5.0576	132.665710907382
5.06513333333333	132.652724041828
5.07266666666667	132.636403895128
5.0802	132.616533937572
5.08773333333333	132.593520205057
5.0953	132.566457173476
5.10283333333333	132.5357707965
5.1104	132.50039447515
5.11793333333333	132.460681708611
5.1255	132.415810470759
5.13303333333333	132.36683177253
5.1406	132.311997863485
5.14816666666667	132.252181730778
5.15573333333333	132.187015204226
5.1633	132.116971742118
5.17086666666667	132.041421361259
5.17843333333333	131.960973416354
5.18603333333333	131.875741114887
5.1936	131.786268935672
5.2012	131.692202602778
5.2088	131.593103976666
5.2164	131.489302964212
5.22403333333333	131.381403297502
5.23163333333333	131.2692301697
5.23926666666667	131.153232570832
5.2469	131.032845576915
5.25453333333333	130.908421756268
5.2622	130.780492754736
5.26983333333333	130.648726630888
5.2775	130.513673821923
5.28516666666667	130.374522848499
5.29283333333333	130.231648868881
5.30053333333333	130.085538132574
5.30823333333333	129.935840599029
5.31593333333333	129.782887196302
5.32366666666667	129.62631106309
5.33136666666667	129.466188123467
5.3391	129.303525332766
5.34686666666667	129.137159488204
5.3546	128.967681488393
5.36236666666667	128.795771784961
5.37013333333333	128.619363624036
5.37793333333333	128.439510270657
5.38573333333333	128.256922802592
5.39353333333333	128.070694510145
5.40136666666667	127.880878884945
5.4092	127.687512062287
5.41703333333333	127.491084771263
5.4249	127.291161083166
5.43276666666667	127.087559052829
5.44063333333333	126.880764252527
5.44853333333333	126.670348187306
5.45643333333333	126.456105961285
5.46436666666667	126.238554188361
5.4723	126.017290846272
5.48023333333333	125.792062782297
5.4882	125.563100321261
5.4962	125.330381085067
5.5042	125.09446134226
5.5122	124.855710159043
5.52023333333333	124.612900359569
5.52826666666667	124.366434734375
5.53633333333333	124.117203181416
5.5444	123.86492516954
5.55246666666667	123.609688113323
5.5606	123.352096947809
5.5687	123.091572188222
5.57686666666667	122.831043543261
5.585	122.56889864184
5.5932	122.307870727433
5.60136666666667	122.048048505144
5.6096	121.792119608769
5.61783333333333	121.540465834663
5.62606666666667	121.296002197016
5.63433333333333	121.060301219031
5.6426	120.834513559173
5.6509	120.621450544174
5.6592	120.422877055157
5.6675	120.240058523527
5.67583333333333	120.074761508251
5.68416666666667	119.927826984695
5.69253333333333	119.801285600767
5.70086666666667	119.696349099271
5.70923333333333	119.613098716908
5.7176	119.551437454653
5.72596666666667	119.511304233629
5.73433333333333	119.492441520804
5.7427	119.493326472892
5.75106666666667	119.513240177172
5.75943333333333	119.550802132309
5.7678	119.604153070256
5.77616666666667	119.671173886938
5.7845	119.749848422816
5.79286666666667	119.837035634069
5.8012	119.932514334986
5.80953333333333	120.033927395437
5.81783333333333	120.140027881299
5.82616666666667	120.247456957852
5.83446666666667	120.356917091276
5.84276666666667	120.465965402166
5.85106666666667	120.573784918021
5.85936666666667	120.678988662699
5.86763333333333	120.781294589397
5.8759	120.87856329312
5.88416666666667	120.971641422614
5.89243333333333	121.060789403938
5.9007	121.146007064711
5.90893333333333	121.226702238846
5.91716666666667	121.301717625758
5.92543333333333	121.372674664525
5.93366666666667	121.441529522315
5.94186666666667	121.507239298186
5.9501	121.568638999832
5.95833333333333	121.627609525923
5.96653333333333	121.685251616998
5.97476666666667	121.740444536342
5.98296666666667	121.79429205199
5.99116666666667	121.847503636017
5.99936666666667	121.901225183819
6.00756666666667	121.955440223242
6.01576666666667	122.011027215658
6.02396666666667	122.067756051792
6.03216666666667	122.125678676502
6.04033333333333	122.185133515378
6.04853333333333	122.245554605895
6.0567	122.308877943698
6.06486666666667	122.374872539896
6.07303333333333	122.444042514818
6.0812	122.515857035597
6.08936666666667	122.590793029555
6.0975	122.66822326235
6.10566666666667	122.746743401822
6.1138	122.827970608406
6.12193333333333	122.911235851318
6.13006666666667	122.996942540094
6.1382	123.084423290207
6.1463	123.17403955644
6.15443333333333	123.26382656982
6.16253333333333	123.355197665247
6.17063333333333	123.447297638223
6.17873333333333	123.540518070201
6.1868	123.634166988446
6.1949	123.7273512116
6.20296666666667	123.821092842676
6.21103333333333	123.914348523986
6.2191	124.007470447711
6.22716666666667	124.099863741342
6.2352	124.19190242965
6.24326666666667	124.281708545425
6.2513	124.370661214939
6.25933333333333	124.458006631259
6.26736666666667	124.544233324231
6.2754	124.628819739307
6.2834	124.712264217555
6.29143333333333	124.792837964847
6.29943333333333	124.872069900626
6.30743333333333	124.949377020882
6.31543333333333	125.025297106568
6.32343333333333	125.099394017952
6.3314	125.172253210425
6.3394	125.242253216331
6.34736666666667	125.310923271807
6.35536666666667	125.37706664337
6.36333333333333	125.443041899003
6.3713	125.507140568079
6.37926666666667	125.570238934145
6.3872	125.63206577478
6.39516666666667	125.692075564945
6.40313333333333	125.751369724678
6.41106666666667	125.809746941861
6.419	125.866114723428
6.42696666666667	125.921083327642
6.4349	125.976875384121
6.44283333333333	126.03232492213
6.45076666666667	126.086921180214
6.4587	126.140682048054
6.4666	126.194402740789
6.47453333333333	126.24655441761
6.48246666666667	126.298533241333
6.49036666666667	126.35037494462
6.49826666666667	126.400971397613
6.5062	126.450820944197
6.5141	126.502048825425
6.522	126.553478234098
6.5299	126.604518665727
6.5378	126.655132639017
6.54566666666667	126.706064564445
6.55356666666667	126.755733697477
6.56146666666667	126.805472779928
6.56933333333333	126.855279976701
6.57723333333333	126.903995645025
6.5851	126.953161848289
6.59296666666667	127.00228272377
6.60083333333333	127.051686014369
6.6087	127.100798832979
6.61656666666667	127.150101917028
6.62443333333333	127.199080528226
6.6323	127.247597123656
6.64013333333333	127.295729771029
6.648	127.342465203519
6.65586666666667	127.389334755834
6.6637	127.436346475435
6.67153333333333	127.482975238301
6.67936666666667	127.528981489131
6.68723333333333	127.575080178285
6.69506666666667	127.622572601983
6.7029	127.669285272902
6.71073333333333	127.715116904282
6.71853333333333	127.760274881653
6.72636666666667	127.804441810063
6.7342	127.848581513926
6.742	127.892513947086
6.74983333333333	127.935076350123
6.75763333333333	127.977090168165
6.76546666666667	128.018695060936
6.77326666666667	128.061512079166
6.78106666666667	128.103620512952
6.78886666666667	128.145585553785
6.79666666666667	128.187009978492
6.80446666666667	128.228435284556
6.81226666666667	128.269371595908
6.82006666666667	128.309706793485
6.82786666666667	128.349533965808
6.83563333333333	128.388963457282
6.84343333333333	128.427002964444
6.8512	128.465119523391
6.859	128.502265656612
6.86676666666667	128.539746135691
6.87456666666667	128.576435160349
6.88233333333333	128.614238921973
6.8901	128.651450103
6.89786666666667	128.68863051621
6.90563333333333	128.725368763438
6.9134	128.762199967311
6.92116666666667	128.79862049989
6.92893333333333	128.834512476092
6.9367	128.869959799104
6.94443333333333	128.90506375514
6.9522	128.93883582887
6.95996666666667	128.972708231569
6.9677	129.006736479122
6.97546666666667	129.03976596296
6.9832	129.072497169419
6.99096666666667	129.105048678627
6.9987	129.138922565724
7.00643333333333	129.172222375518
7.01416666666667	129.205469622055
7.0219	129.238247040423
7.02966666666667	129.271102400133
7.0374	129.304619697404
7.0451	129.337332717002
7.05283333333333	129.368257926804
7.06056666666667	129.398955486679
7.0683	129.430215379872
7.07603333333333	129.461428017147
7.08373333333333	129.491771970058
7.09146666666667	129.52079657175
7.0992	129.550086825339
7.1069	129.579711837128
7.11463333333333	129.608499157971
7.12233333333333	129.637085357573
7.13003333333333	129.665571123252
7.13776666666667	129.694328439808
7.14546666666667	129.723872153424
7.15316666666667	129.753389741962
7.16086666666667	129.782318868599
7.16856666666667	129.810635970909
7.17626666666667	129.839091087872
7.18396666666667	129.867198888142
7.19166666666667	129.894848599982
7.19936666666667	129.92211403789
7.20706666666667	129.949082230556
7.21476666666667	129.975830520305
7.22246666666667	130.002422124186
7.23013333333333	130.028907470288
7.23783333333333	130.05426984
7.24553333333333	130.079741093028
7.2532	130.10554420383
7.2609	130.130487319525
7.26856666666667	130.155052362369
7.27626666666667	130.178784994536
7.28393333333333	130.203652980704
7.29163333333333	130.228143508539
7.2993	130.253548786241
7.30696666666667	130.278323136171
7.31463333333333	130.302874339158
7.32233333333333	130.326943987531
7.33	130.352020945212
7.33766666666667	130.376277780517
7.34533333333333	130.399635719414
7.353	130.422321035287
7.36066666666667	130.445148822037
7.36833333333333	130.467644442698
7.376	130.48973270728
7.38366666666667	130.511498554287
7.3913	130.533032019748
7.39896666666667	130.553369866783
7.40663333333333	130.573847675932
7.4143	130.594552584843
7.42193333333333	130.615412491246
7.4296	130.634723291546
7.43726666666667	130.654353046943
7.4449	130.674516173545
7.45256666666667	130.694056709826
7.4602	130.713521411783
7.46786666666667	130.732466255615
7.4755	130.75217869044
7.48316666666667	130.771470080504
7.4908	130.792077145202
7.49843333333333	130.812287554598
7.5061	130.832601721089
7.51373333333333	130.853588908907
7.52136666666667	130.874528114394
7.529	130.894840125737
7.53663333333333	130.914536853233
7.5443	130.934388296673
7.55193333333333	130.954940613425
7.55956666666667	130.974835781165
7.5672	130.994111721105
7.57483333333333	131.012957620727
7.58246666666667	131.032142778742
7.5901	131.051139443977
7.59773333333333	131.069840423419
7.60533333333333	131.088299222312
7.61296666666667	131.105546957986
7.6206	131.122892072686
7.62823333333333	131.140427022866
7.63583333333333	131.158078514564
7.64346666666667	131.174146446338
7.6511	131.190479683232
7.65873333333333	131.20729381125
7.66633333333333	131.224472812905
7.67396666666667	131.240261678527
7.68156666666667	131.256462318319
7.6892	131.272224780917
7.6968	131.288649666319
7.70443333333333	131.304015554166
7.71203333333333	131.320000273578
7.71966666666667	131.335560377908
7.72726666666667	131.352413467693
7.73486666666667	131.368856406085
7.7425	131.38537602243
7.7501	131.402518639389
7.7577	131.419598131139
7.76533333333333	131.436014206423
7.77293333333333	131.452814664801
7.78053333333333	131.469520271972
7.78813333333333	131.485569740545
7.79573333333333	131.50099340774
7.80333333333333	131.516570503941
7.81093333333333	131.531796865221
7.81856666666667	131.546600701612
7.82616666666667	131.562090141943
7.83376666666667	131.577103297306
7.84136666666667	131.591646682752
7.84893333333333	131.60587653943
7.85653333333333	131.619518113613
7.86413333333333	131.633243821318
7.87173333333333	131.647001618057
7.87933333333333	131.660730507569
7.88693333333333	131.673783208677
7.89453333333333	131.686791215666
7.90213333333333	131.699927167643
7.9097	131.713195036015
7.9173	131.725563976213
7.9249	131.738237155301
7.93246666666667	131.751270198356
7.94006666666667	131.763533902435
7.94766666666667	131.77553880507
7.95523333333333	131.787937121482
7.96283333333333	131.799743029867
7.97043333333333	131.811444435808
7.978	131.823663449983
7.9856	131.835383689037
7.99316666666667	131.847068070932
8.00076666666667	131.858308165767
8.00833333333333	131.870301543741
8.01593333333333	131.881344905609
8.0235	131.893566942983
8.0311	131.905437320335
8.03866666666667	131.918491128254
8.04626666666667	131.931008898958
8.05383333333333	131.944503174191
8.0614	131.957276522474
8.069	131.969866387873
8.07656666666667	131.982861896027
8.08413333333333	131.995674430323
8.0917	132.007729587728
8.0993	132.019079697914
8.10686666666667	132.031541097487
8.11443333333333	132.043395275591
8.122	132.054514615944
8.12956666666667	132.065081767658
8.13716666666667	132.075880176642
8.14473333333333	132.08739783843
8.1523	132.098335826448
8.15986666666667	132.108678189976
8.16743333333333	132.118584228508
8.175	132.128805321524
8.18256666666667	132.138782467559
8.19013333333333	132.148406053136
8.1977	132.157714509994
8.20526666666667	132.166750679717
8.21283333333333	132.175547747482
8.2204	132.184127511527
8.22796666666667	132.192501017082
8.23553333333333	132.20066996795
8.2431	132.208627445491
8.25066666666667	132.216359383848
8.2582	132.223845507883
8.26576666666667	132.230068638859
8.27333333333333	132.236165381166
8.2809	132.242182963751
8.28846666666667	132.247968867873
8.29603333333333	132.252758043063
8.3036	132.257069810317
8.31113333333333	132.260940978197
8.3187	132.263267577799
8.32626666666667	132.265029840793
8.33383333333333	132.266167769636
8.3414	132.266399843403
8.34896666666667	132.264822077555
8.3565	132.261814613178
8.36406666666667	132.256338398815
8.37163333333333	132.249196965714
8.3792	132.240240224974
8.38676666666667	132.229069618803
8.39433333333333	132.21467428514
8.4019	132.197357723489
8.40946666666667	132.176958873913
8.41703333333333	132.153175707156
8.4246	132.12570972488
8.43216666666667	132.094282710348
8.43973333333333	132.058644686069
8.4473	132.018578146296
8.45486666666667	131.973896274248
8.46246666666667	131.924442925214
8.47003333333333	131.870806648186
8.47763333333333	131.812233426058
8.48523333333333	131.748979617718
8.4928	131.680698599463
8.5004	131.607147495781
8.50803333333333	131.528110021316
8.51563333333333	131.445169115003
8.52323333333333	131.357897232851
8.53086666666667	131.265057776163
8.53846666666667	131.167885071618
8.5461	131.066438093141
8.55373333333333	130.959986911685
8.5614	130.848858614971
8.56903333333333	130.734112060104
8.5767	130.614958960021
8.58436666666667	130.491798348869
8.59203333333333	130.364611971287
8.5997	130.233749085724
8.6074	130.098456824447
8.6151	129.959620503504
8.6228	129.817217568435
8.6305	129.670767384431
8.63823333333333	129.520109732262
8.64596666666667	129.366195719308
8.6537	129.209073404647
8.66143333333333	129.048263760777
8.6692	128.883567686997
8.67696666666667	128.715815056713
8.68473333333333	128.544864926164
8.69253333333333	128.370181205287
8.70033333333333	128.191742239455
8.70816666666667	128.010045564745
8.71596666666667	127.824882180132
8.7238	127.63646536177
8.73166666666667	127.443967232494
8.7395	127.248161275589
8.7474	127.0499361014
8.75526666666667	126.847064004372
8.76316666666667	126.641248826039
8.77106666666667	126.431491655503
8.779	126.217800713204
8.78693333333333	126.001252019605
8.7949	125.781219723904
8.80283333333333	125.557803879251
8.81083333333333	125.330996158951
8.81883333333333	125.100334866614
8.82683333333333	124.867679355424
8.83486666666667	124.632486140734
8.8429	124.393903777157
8.85093333333333	124.153231468843
8.85903333333333	123.910537970283
8.8671	123.665032274509
8.8752	123.419246353269
8.88333333333333	123.171549636291
8.89146666666667	122.923227503836
8.8996	122.676105320948
8.90776666666667	122.430118425684
8.91596666666667	122.185760325561
8.92416666666667	121.945569878782
8.93236666666667	121.710480583351
8.9406	121.481339927415
8.94886666666667	121.260302630631
8.95713333333333	121.049593344801
8.9654	120.850981750118
8.97366666666667	120.664546237781
8.98196666666667	120.492077184448
8.9903	120.335018523641
8.9986	120.195279349522
9.00693333333333	120.073481876124
9.01526666666667	119.969224768645
9.0236	119.883947816145
9.03196666666667	119.818447271682
9.0403	119.772730570216
9.04866666666667	119.746054337749
9.057	119.738383009276
9.06536666666667	119.746988339013
9.0737	119.771936942632
9.08206666666667	119.81033029034
9.0904	119.862988352414
9.09873333333333	119.926871657014
9.10706666666667	120.000878012134
9.1154	120.083035397947
9.12373333333333	120.172059095614
9.13203333333333	120.265906240976
9.14033333333333	120.361691643771
9.14863333333333	120.459543572724
9.15693333333333	120.558750819783
9.16523333333333	120.658285387694
9.1735	120.756557269855
9.1818	120.851386238428
9.19006666666667	120.944841178292
9.19833333333333	121.035301095518
9.20656666666667	121.122780762096
9.21483333333333	121.205450891457
9.22306666666667	121.285286501594
9.2313	121.360588250316
9.23953333333333	121.432440179141
9.24776666666667	121.500886928843
9.256	121.566781420907
9.26423333333333	121.630080969701
9.27243333333333	121.690982666701
9.28066666666667	121.748882659798
9.28886666666667	121.805753669109
9.29706666666667	121.861724278266
9.30526666666667	121.917598625612
9.31346666666667	121.973278371326
9.32166666666667	122.029578570437
9.32986666666667	122.086389792243
9.33803333333333	122.143779394425
9.34623333333333	122.200974685295
9.3544	122.259802373927
9.36256666666667	122.320410128612
9.37076666666667	122.383549754743
9.37893333333333	122.4500339781
9.38706666666667	122.51881602846
9.39523333333333	122.588518669586
9.4034	122.660736700302
9.41153333333333	122.735962913052
9.41966666666667	122.81232426632
9.42783333333333	122.890211751069
9.43593333333333	122.971736375537
9.44406666666667	123.05415983154
9.4522	123.13858254232
9.4603	123.224559257737
9.46843333333333	123.311304524545
9.47653333333333	123.399998791101
9.48463333333333	123.489548502875
9.4927	123.580283168559
9.5008	123.670243301579
9.50886666666667	123.761473685865
9.51696666666667	123.851791966058
9.52503333333333	123.943268423579
9.5331	124.033732359068
9.54113333333333	124.123837773622
9.5492	124.211898507537
9.55723333333333	124.300038599161
9.56526666666667	124.386172170068
9.5733	124.471181978605
9.58133333333333	124.554750768886
9.58936666666667	124.637440334713
9.59736666666667	124.718753781492
9.6054	124.79731227682
9.6134	124.874825913324
9.6214	124.950722144083
9.6294	125.025500359196
9.6374	125.098686780551
9.6454	125.170831716837
9.65336666666667	125.241453459642
9.66136666666667	125.309288337752
9.66933333333333	125.376054871566
9.6773	125.441315940453
9.68526666666667	125.505598612601
9.69323333333333	125.56849530112
9.7012	125.630626272157
9.70913333333333	125.691551089204
9.7171	125.750076869855
9.72503333333333	125.807885372438
9.733	125.863895670117
9.74093333333333	125.920372158916
9.74886666666667	125.975647787855
9.7568	126.030528109027
9.76473333333333	126.08472097654
9.77266666666667	126.138796556119
9.7806	126.192307840078
9.7885	126.245177079536
9.79643333333333	126.296421968313
9.80433333333333	126.347661613998
9.81226666666667	126.397831160123
9.82016666666667	126.449075865499
9.82806666666667	126.499691464842
9.83596666666667	126.550384267669
9.84386666666667	126.60082476487
9.85176666666667	126.651544977225
9.85966666666667	126.702048433778
9.86753333333333	126.752204063246
9.87543333333333	126.80098035914
9.88333333333333	126.849932101165
9.8912	126.899079143915
9.89906666666667	126.947928634762
9.90693333333333	126.996272858848
9.91483333333333	127.044835022235
9.9227	127.094926098768
9.93056666666667	127.144356732215
9.9384	127.193031022448
9.94626666666667	127.240046038319
9.95413333333333	127.287629730259
9.962	127.335251893176
9.96983333333333	127.382640931478
9.97766666666667	127.428072319164
9.98553333333333	127.472519298792
9.99336666666667	127.518307730301
10.0012	127.564254064684
10.0090333333333	127.609737097556
10.0168666666667	127.654705116588
10.0247	127.699863284828
10.0325333333333	127.744711191734
10.0403666666667	127.789096466262
10.0482	127.833076654253
10.056	127.876733974328
10.0638333333333	127.919042230833
10.0716333333333	127.961479777953
10.0794333333333	128.002953029164
10.0872666666667	128.044329428098
10.0950666666667	128.086394564853
10.1028666666667	128.128320206338
10.1106666666667	128.169647203645
10.1184666666667	128.210345020349
10.1262666666667	128.251148516841
10.1340666666667	128.291576540987
10.1418666666667	128.331499141227
10.1496333333333	128.370988532277
10.1574333333333	128.409045622083
10.1652333333333	128.447140470213
10.173	128.485319377686
10.1808	128.522421703205
10.1885666666667	128.55982161578
10.1963333333333	128.597059315611
10.2041	128.634394079082
10.2119	128.671251059878
10.2196666666667	128.709236485926
10.2274333333333	128.74646179713
10.2352	128.782834280095
10.2429333333333	128.818569089251
10.2507	128.853381144138
10.2584666666667	128.888171862692
10.2662333333333	128.922814788024
10.2739666666667	128.957259169507
10.2817333333333	128.989829229598
10.2894666666667	129.022509554806
10.2972333333333	129.054482906375
10.3049666666667	129.087011895425
10.3127333333333	129.118946801185
10.3204666666667	129.152123365927
10.3282	129.184827632642
10.3359333333333	129.217584372463
10.3436666666667	129.24996173039
10.3514333333333	129.282489115978
10.3591666666667	129.315734844058
10.3668666666667	129.348221236254
10.3746	129.37895336801
10.3823333333333	129.409482832372
10.3900666666667	129.440594386886
10.3978	129.471673837972
10.4055	129.501895545546
10.4132333333333	129.530805320221
10.4209333333333	129.559985906378
10.4286666666667	129.58843902521
10.4363666666667	129.617381535302
10.4441	129.645077525754
10.4518	129.673879253542
10.4595	129.702279709098
10.4672333333333	129.730836531277
10.4749333333333	129.76018886454
10.4826333333333	129.789518819388
10.4903333333333	129.818266802259
10.4980333333333	129.846412248209
10.5057333333333	129.874708272426
10.5134333333333	129.902671271829
10.5211333333333	129.930190499106
10.5288333333333	129.957338990532
10.5365333333333	129.984202271207
10.5442	130.010855812191
10.5519	130.036304070344
10.5596	130.061799188366
10.5672666666667	130.087575101073
10.5749666666667	130.112452221731
10.5826333333333	130.136924437137
10.5903333333333	130.160545428775
10.598	130.1847167596
10.6057	130.20834943609
10.6133666666667	130.233081841301
10.6210333333333	130.25737081374
10.6287333333333	130.281581317606
10.6364	130.306299485062
10.6440666666667	130.330800110488
10.6517333333333	130.35455528075
10.6594	130.377602880751
10.6670666666667	130.400734355759
10.6747333333333	130.423477286922
10.6824	130.445763390633
10.6900666666667	130.467685590298
10.6977333333333	130.489341177583
10.7054	130.510813828611
10.7130666666667	130.532170668847
10.7207333333333	130.553464521334
10.7284	130.574736511339
10.7360333333333	130.596018023234
10.7437	130.616291318981
10.7513666666667	130.636848986188
10.759	130.657743066741
10.7666666666667	130.67783111613
10.7743	130.697698036379
10.7819666666667	130.716927877125
10.7896	130.736836453695
10.7972666666667	130.75571395196
10.8049	130.775809122811
10.8125333333333	130.795586922602
10.8202	130.815584782568
10.8278333333333	130.836371458153
10.8354666666667	130.857202386394
10.8431333333333	130.877473730204
10.8507666666667	130.898222960146
10.8584	130.918923945762
10.8660333333333	130.939026086311
10.8736666666667	130.958547485857
10.8813	130.978257469756
10.8889333333333	130.997652147413
10.8965666666667	131.016648358653
10.9042	131.035320443342
10.9118333333333	131.053747963361
10.9194666666667	131.071998800265
10.9271	131.090126634121
10.9347333333333	131.108173001497
10.9423333333333	131.126169799183
10.9499666666667	131.143110485055
10.9576	131.160266627144
10.9652333333333	131.177703357348
10.9728333333333	131.195324705811
10.9804666666667	131.211411188849
10.9880666666667	131.227798890831
10.9957	131.243663558574
11.0033333333333	131.260127350553
11.0109333333333	131.276512983916
11.0185666666667	131.292238303358
11.0261666666667	131.307968013444
11.0337666666667	131.323791565953
11.0414	131.339950990065
11.049	131.356874886035
11.0566333333333	131.373851291307
11.0642333333333	131.391283391644
11.0718333333333	131.407902940053
11.0794666666667	131.424407328817
11.0870666666667	131.441413375291
11.0946666666667	131.458282816798
11.1022666666667	131.474446680803
11.1098666666667	131.489942691147
11.1174666666667	131.505559745982
11.1251	131.520802770036
11.1327	131.536636975548
11.1403	131.551900498893
11.1479	131.5666178197
11.1555	131.58096274587
11.1631	131.595692359639
11.1707	131.610261763601
11.1783	131.624562276806
11.1858666666667	131.638641438564
11.1934666666667	131.651539106318
11.2010666666667	131.664527424385
11.2086666666667	131.677712695813
11.2162666666667	131.691022077008
11.2238666666667	131.703779211841
11.2314333333333	131.716588450305
11.2390333333333	131.728585940566
11.2466333333333	131.74097622597
11.2542	131.753801674373
11.2618	131.765916063096
11.2694	131.777813096978
11.2769666666667	131.790130843328
11.2845666666667	131.801869438302
11.2921666666667	131.813502614278
11.2997333333333	131.825638937946
11.3073333333333	131.83724810532
11.3149	131.848777001241
11.3225	131.859802737507
11.3300666666667	131.871504605681
11.3376666666667	131.882165131158
11.3452333333333	131.893891709502
11.3528333333333	131.905139031942
11.3604	131.917415376408
11.368	131.928985220584
11.3755666666667	131.941328198113
11.3831333333333	131.952729094838
11.3907333333333	131.963688867166
11.3983	131.974749505811
11.4058666666667	131.985293019406
11.4134333333333	131.994679516015
11.4210333333333	132.002892381223
11.4286	132.011649760158
11.4361666666667	132.019172546732
11.4437333333333	132.02520713016
11.4513333333333	132.029804882393
11.4589	132.034575470054
11.4664666666667	132.03765620869
11.4740333333333	132.038660590286
11.4816333333333	132.037521325227
11.4892	132.035700750434
11.4967666666667	132.031271359053
11.5043333333333	132.023703369205
11.5119	132.012835121651
11.5195	131.999108538859
11.5270666666667	131.98252516738
11.5346333333333	131.96169341881
11.5422333333333	131.936159989303
11.5498	131.90661518296