0	130.87628645494
0.00416666666666667	130.250760328814
0.00833333333333333	129.32413936862
0.0125	131.038369582353
0.0166666666666667	129.657398496071
0.0208333333333333	129.606238086143
0.025	129.27715377472
0.0291666666666667	127.535387010142
0.0333333333333333	126.95472771388
0.0375	126.906618020908
0.0416666666666667	128.535052090319
0.0458333333333333	129.959018593474
0.05	130.457958717436
0.0541666666666667	130.587940237179
0.0583333333333333	131.658486192466
0.0625	130.942293275552
0.0666666666666667	129.422725456138
0.0708333333333333	129.310432216138
0.075	130.147019916198
0.0791666666666667	130.178291019364
0.0833333333333333	130.114131563736
0.0875	129.531417965078
0.0916666666666667	130.646408716954
0.0958333333333333	130.140475396819
0.1	131.286302690143
0.104166666666667	130.815356919609
0.108333333333333	130.428251352473
0.1125	130.599860803301
0.116666666666667	131.539885955404
0.120833333333333	130.861000828871
0.125	130.508134016767
0.129166666666667	129.237207772528
0.133333333333333	128.911011340036
0.1375	128.539543719866
0.141666666666667	128.590105275207
0.145833333333333	128.683438210001
0.15	129.116064449649
0.154166666666667	128.398874823821
0.158333333333333	128.943631386193
0.1625	130.349517816452
0.166666666666667	127.166548338914
0.170833333333333	128.262631179394
0.175	128.718893666543
0.179166666666667	128.20723810547
0.183333333333333	127.630746345664
0.1875	127.591814947761
0.191666666666667	127.439055847003
0.195833333333333	128.866559295721
0.2	129.62542818145
0.204166666666667	129.616063738916
0.208333333333333	130.189636744591
0.2125	130.766185154025
0.216666666666667	130.841461154808
0.220833333333333	131.26634456649
0.225	130.940924164926
0.229166666666667	130.268908224947
0.233333333333333	130.892833792136
0.2375	131.001771247166
0.241666666666667	130.9749402261
0.245833333333333	131.904136327302
0.25	132.009411915231
0.254166666666667	131.741391269754
0.258333333333333	131.57689269772
0.2625	131.215675141235
0.266666666666667	131.119411001275
0.270833333333333	129.738963995342
0.275	130.020266133031
0.279166666666667	130.803691531087
0.283333333333333	131.26064260336
0.2875	131.2534129131
0.291666666666667	131.688161246654
0.295833333333333	131.160858022952
0.3	130.483017798435
0.304166666666667	129.990770102153
0.308333333333333	130.613455081726
0.3125	129.409911674055
0.316666666666667	129.494665951128
0.320833333333333	129.293264079549
0.325	129.748715000938
0.329166666666667	128.975632093961
0.333333333333333	127.090503633603
0.3375	126.766372095809
0.341666666666667	127.292908560616
0.345833333333333	127.720690937131
0.35	127.518145906314
0.354166666666667	127.010269922465
0.358333333333333	127.217859994218
0.3625	127.531833991301
0.366666666666667	126.255351206976
0.370833333333333	127.212792357914
0.375	126.506811398125
0.379166666666667	125.997603834255
0.383333333333333	125.962286987146
0.3875	125.46893983921
0.391666666666667	125.044313382962
0.395833333333333	126.346575050852
0.4	126.74239981015
0.404166666666667	127.668405296508
0.408333333333333	127.672116744785
0.4125	126.942623309499
0.416666666666667	126.993490590983
0.420833333333333	126.319075350499
0.425	128.240372699478
0.429166666666667	127.279060438991
0.433333333333333	126.634759180502
0.4375	126.519105170186
0.441666666666667	126.718333327049
0.445833333333333	125.787138268468
0.45	126.334775165085
0.454166666666667	126.23480736575
0.458333333333333	125.51447866536
0.4625	124.653061530943
0.466666666666667	124.573296797221
0.470833333333333	124.257934458055
0.475	124.650656673452
0.479166666666667	123.930645065258
0.483333333333333	124.420634803165
0.4875	124.477815571883
0.491666666666667	124.905994126952
0.495833333333333	124.700390714864
0.5	124.038443875985
0.504166666666667	123.506463020154
0.508333333333333	123.180053555753
0.5125	123.798227145611
0.516666666666667	122.120722577428
0.520833333333333	121.377548579473
0.525	120.591716395478
0.529166666666667	120.192970435031
0.533333333333333	119.445990465483
0.5375	119.291542491844
0.541666666666667	120.082769258323
0.545833333333333	119.521611255083
0.55	119.49833598626
0.554166666666667	119.09922539655
0.558333333333333	119.202421230661
0.5625	117.475425482451
0.566666666666667	116.137238179638
0.570833333333333	115.802840822729
0.575	114.975516617073
0.579166666666667	114.539830592978
0.583333333333333	114.294917735179
0.5875	111.92491844349
0.591666666666667	111.262270817517
0.595833333333333	108.718197419576
0.6	107.688833827773
0.604166666666667	106.248557106457
0.608333333333333	104.920155863581
0.6125	104.741835121786
0.616666666666667	102.723861806187
0.620833333333333	102.480709688562
0.625	102.651810408763
0.629166666666667	101.750301586806
0.633333333333333	102.048615630401
0.6375	101.465994398407
0.641666666666667	100.485720949457
0.645833333333333	101.573557752912
0.65	101.626538571022
0.654166666666667	102.424378474762
0.658333333333333	101.539285214391
0.6625	101.742178372306
0.666666666666667	100.481135309542
0.670833333333333	100.129799320843
0.675	100.172873486441
0.679166666666667	99.2415935165404
0.683333333333333	100.457597914138
0.6875	100.696171235709
0.691666666666667	100.459265795123
0.695833333333333	101.035583530289
0.7	99.3344266464677
0.704166666666667	99.7782275276633
0.708333333333333	100.509726170067
0.7125	100.892305953735
0.716666666666667	100.66637943672
0.720833333333333	100.37924713076
0.725	100.847842397106
0.729166666666667	100.551035143761
0.733333333333333	101.098239277117
0.7375	101.945358063034
0.741666666666667	102.846822356373
0.745833333333333	102.999349926729
0.75	104.132346176577
0.754166666666667	104.505289270823
0.758333333333333	105.351338549843
0.7625	104.981274000494
0.766666666666667	105.356191806686
0.770833333333333	106.386331497038
0.775	108.144634125463
0.779166666666667	107.606563026734
0.783333333333333	108.803507200588
0.7875	108.393938484648
0.791666666666667	110.402195314507
0.795833333333333	109.334365665577
0.8	110.977978114569
0.804166666666667	111.489965353502
0.808333333333333	112.490186807239
0.8125	112.838893899391
0.816666666666667	114.076244005173
0.820833333333333	115.159625349337
0.825	115.986419972143
0.829166666666667	116.207470076418
0.833333333333333	116.943034201434
0.8375	118.215526383263
0.841666666666667	120.301100050346
0.845833333333333	121.753587525497
0.85	122.728847452621
0.854166666666667	123.798796137531
0.858333333333333	125.164937135813
0.8625	124.527193098995
0.866666666666667	124.32471787148
0.870833333333333	126.0711885745
0.875	127.423164483743
0.879166666666667	129.22627605151
0.883333333333333	129.669207991691
0.8875	129.997888557864
0.891666666666667	130.27864439843
0.895833333333333	130.260038847571
0.9	129.3963767924
0.904166666666667	127.650429666229
0.908333333333333	128.197431703599
0.9125	128.040852393735
0.916666666666667	128.07146634773
0.920833333333333	127.682888979613
0.925	128.151043514145
0.929166666666667	128.2991326883
0.933333333333333	129.217565509076
0.9375	129.678025446767
0.941666666666667	130.125409574069
0.945833333333333	129.915394673762
0.95	129.981991885797
0.954166666666667	129.526009186787
0.958333333333333	127.931944979092
0.9625	129.413187009178
0.966666666666667	129.706367158416
0.970833333333333	130.254101498964
0.975	130.633907865511
0.979166666666667	130.536295924192
0.983333333333333	131.346872791421
0.9875	131.458775389388
0.991666666666667	131.797118404845
0.995833333333333	130.945190024769
1	130.906326527337
1.00416666666667	131.192647208409
1.00833333333333	131.952423955622
1.0125	132.381468691401
1.01666666666667	132.243011829586
1.02083333333333	132.377699690513
1.025	132.004436842858
1.02916666666667	132.822174012104
1.03333333333333	132.849044508368
1.0375	132.997395749583
1.04166666666667	131.789186080981
1.04583333333333	132.044487643029
1.05	132.092788183438
1.05416666666667	130.957066665078
1.05833333333333	129.882951050116
1.0625	131.228932923649
1.06666666666667	130.926803021317
1.07083333333333	129.602305251144
1.075	129.665480650958
1.07916666666667	129.196689406588
1.08333333333333	129.158274386936
1.0875	128.768429964118
1.09166666666667	129.280900999792
1.09583333333333	129.374176414599
1.1	127.346041417927
1.10416666666667	126.903788471623
1.10833333333333	127.3037356834
1.1125	126.494694879178
1.11666666666667	126.749125932366
1.12083333333333	126.54956709711
1.125	126.136889159355
1.12916666666667	126.629107871866
1.13333333333333	126.552075245945
1.1375	127.526975055235
1.14166666666667	128.388884091495
1.14583333333333	127.634658486657
1.15	128.503301055981
1.15416666666667	129.29086540322
1.15833333333333	129.442888420711
1.1625	130.261770668729
1.16666666666667	130.670519655894
1.17083333333333	132.345389432638
1.175	132.740677949867
1.17916666666667	133.245433341561
1.18333333333333	133.918303032311
1.1875	133.153463243557
1.19166666666667	132.554566581541
1.19583333333333	132.309775851427
1.2	131.013128617369
1.20416666666667	132.005689617417
1.20833333333333	132.902727727972
1.2125	132.572005178916
1.21666666666667	132.484183329661
1.22083333333333	132.43775157066
1.225	134.078313138002
1.22916666666667	134.558278458195
1.23333333333333	133.846262551623
1.2375	134.254266254881
1.24166666666667	133.752539823747
1.24583333333333	133.112509212386
1.25	132.661397726285
1.25416666666667	131.553052167037
1.25833333333333	131.315568673426
1.2625	131.085248644879
1.26666666666667	130.237860732239
1.27083333333333	130.668708674612
1.275	130.377679749929
1.27916666666667	128.864846988162
1.28333333333333	129.246976782657
1.2875	130.380068383996
1.29166666666667	132.159668953079
1.29583333333333	132.473427455491
1.3	131.878077696059
1.30416666666667	133.003001557335
1.30833333333333	132.63753022643
1.3125	131.694141992107
1.31666666666667	132.962871330878
1.32083333333333	133.339517213985
1.325	133.97253931636
1.32916666666667	133.21043819229
1.33333333333333	132.199506871858
1.3375	132.331342278103
1.34166666666667	131.033825658191
1.34583333333333	129.842261814797
1.35	130.76207209734
1.35416666666667	132.022671951139
1.35833333333333	133.24104602084
1.3625	132.400847863081
1.36666666666667	133.111530071595
1.37083333333333	133.187780850386
1.375	133.64743728136
1.37916666666667	132.902523792155
1.38333333333333	131.820645766661
1.3875	132.175404497204
1.39166666666667	130.91101227068
1.39583333333333	130.070554163229
1.4	130.364947086615
1.40416666666667	131.001560570084
1.40833333333333	131.232058849959
1.4125	131.2438261843
1.41666666666667	130.907750633451
1.42083333333333	130.959813621602
1.425	132.187118562354
1.42916666666667	132.674415658002
1.43333333333333	132.84346391243
1.4375	132.80517856051
1.44166666666667	132.973792597561
1.44583333333333	133.300695274792
1.45	133.271725407435
1.45416666666667	131.7836210972
1.45833333333333	132.287913991559
1.4625	132.83811627507
1.46666666666667	133.336127269554
1.47083333333333	133.327070656196
1.475	133.430820203503
1.47916666666667	133.260113616957
1.48333333333333	131.384653041874
1.4875	131.251591398056
1.49166666666667	131.090162769227
1.49583333333333	131.280639257048
1.5	130.009105969007
1.50416666666667	129.148755049008
1.50833333333333	129.266519988519
1.5125	127.724743141465
1.51666666666667	128.72338993164
1.52083333333333	128.955531574422
1.525	127.936666300007
1.52916666666667	128.550831471028
1.53333333333333	129.029280029592
1.5375	131.202294631337
1.54166666666667	130.853746844809
1.54583333333333	130.922623998329
1.55	131.041773501253
1.55416666666667	131.663362491935
1.55833333333333	131.045143861315
1.5625	131.199114900663
1.56666666666667	130.684537742168
1.57083333333333	131.840442098898
1.575	131.730518406029
1.57916666666667	131.054085391885
1.58333333333333	131.249264995027
1.5875	130.34475647479
1.59166666666667	130.459230492802
1.59583333333333	130.849589610526
1.6	131.823317746734
1.60416666666667	133.481244330045
1.60833333333333	131.835439916167
1.6125	133.236866546762
1.61666666666667	132.759619553817
1.62083333333333	132.209617104274
1.625	132.847391989278
1.62916666666667	132.786105494992
1.63333333333333	132.536773167958
1.6375	132.121229367361
1.64166666666667	132.504103263802
1.64583333333333	133.847909387259
1.65	132.469218979411
1.65416666666667	131.908289952418
1.65833333333333	129.363503389483
1.6625	129.89905804227
1.66666666666667	129.426261334237
1.67083333333333	129.510543287885
1.675	129.399316032674
1.67916666666667	129.429645521891
1.68333333333333	130.106152730491
1.6875	130.633467751694
1.69166666666667	129.682336621702
1.69583333333333	128.83219254177
1.7	128.626703956271
1.70416666666667	129.833192301191
1.70833333333333	131.446340944391
1.7125	131.12514203271
1.71666666666667	131.48711622248
1.72083333333333	131.421624392695
1.725	131.54693929845
1.72916666666667	133.46373732237
1.73333333333333	134.219111544087
1.7375	135.240365225179
1.74166666666667	136.057032252469
1.74583333333333	136.872783626066
1.75	137.97055126636
1.75416666666667	138.009451015481
1.75833333333333	137.808186196039
1.7625	135.803364515003
1.76666666666667	134.028436441841
1.77083333333333	134.967738996658
1.775	135.22938161788
1.77916666666667	135.461687268692
1.78333333333333	134.238811393269
1.7875	134.815968113256
1.79166666666667	135.047620664485
1.79583333333333	136.222561805498
1.8	135.860607298067
1.80416666666667	133.872291076827
1.80833333333333	134.310428036399
1.8125	132.83460704876
1.81666666666667	132.691647854371
1.82083333333333	131.303266113616
1.825	131.332581000592
1.82916666666667	130.72006834964
1.83333333333333	128.969228162409
1.8375	129.362147249632
1.84166666666667	131.426211871644
1.84583333333333	132.193310274265
1.85	132.516873131987
1.85416666666667	133.539341546592
1.85833333333333	133.334180093181
1.8625	133.381004795645
1.86666666666667	132.895444657102
1.87083333333333	131.736806636741
1.875	131.091442671856
1.87916666666667	129.232601375497
1.88333333333333	129.559530620883
1.8875	129.926027721707
1.89166666666667	128.372008770683
1.89583333333333	128.523641589369
1.9	129.866858661531
1.90416666666667	129.851263551111
1.90833333333333	131.043197485355
1.9125	131.419609970083
1.91666666666667	131.781836400048
1.92083333333333	133.192414957002
1.925	134.377065458689
1.92916666666667	134.795202261388
1.93333333333333	134.02496581157
1.9375	133.428538249672
1.94166666666667	132.082930768366
1.94583333333333	131.122675252097
1.95	130.812813277692
1.95416666666667	130.793682387876
1.95833333333333	130.692114182734
1.9625	130.292627313269
1.96666666666667	128.756477191617
1.97083333333333	129.224899650898
1.975	130.189604630852
1.97916666666667	130.686941617953
1.98333333333333	131.590491369061
1.9875	131.826995191135
1.99166666666667	132.051157425978
1.99583333333333	130.750576165462
2	129.918698481071
2.00416666666667	129.642736599309
2.00833333333333	128.62113709375
2.0125	129.482418743784
2.01666666666667	130.1891469085
2.02083333333333	130.176807384317
2.025	129.873512518449
2.02916666666667	132.179205870137
2.03333333333333	131.345014870746
2.0375	131.076587801674
2.04166666666667	130.636529757383
2.04583333333333	130.859606020131
2.05	132.269836040379
2.05416666666667	134.394884385377
2.05833333333333	134.341061051594
2.0625	133.427737631782
2.06666666666667	133.876174202244
2.07083333333333	134.517597628007
2.075	134.488817914641
2.07916666666667	132.968242584227
2.08333333333333	133.467010448117
2.0875	131.940230601626
2.09166666666667	130.803700734861
2.09583333333333	130.493010351099
2.1	131.179064992113
2.10416666666667	132.135274001175
2.10833333333333	131.727153745564
2.1125	129.825155483093
2.11666666666667	130.142562172625
2.12083333333333	129.798782015424
2.125	130.563255143889
2.12916666666667	132.033500236067
2.13333333333333	131.552051366122
2.1375	131.596679486495
2.14166666666667	131.545057762246
2.14583333333333	133.429201793476
2.15	132.833032874532
2.15416666666667	131.656890982718
2.15833333333333	131.17105154553
2.1625	131.101424895797
2.16666666666667	131.711327793293
2.17083333333333	132.036787173756
2.175	130.371180225282
2.17916666666667	130.498708672935
2.18333333333333	131.166550524186
2.1875	129.207190648959
2.19166666666667	129.359258302155
2.19583333333333	130.171304676638
2.2	131.700630042399
2.20416666666667	132.829596919675
2.20833333333333	133.167467467505
2.2125	133.142026561094
2.21666666666667	132.296802827003
2.22083333333333	131.994052120416
2.225	132.979741323142
2.22916666666667	132.106390701279
2.23333333333333	131.396525141678
2.2375	131.023803827418
2.24166666666667	130.116265009004
2.24583333333333	129.739426353348
2.25	130.083688368798
2.25416666666667	130.582809163336
2.25833333333333	130.646271006989
2.2625	129.678122496757
2.26666666666667	129.696369862742
2.27083333333333	128.726453193966
2.275	127.693480141515
2.27916666666667	127.830877750583
2.28333333333333	127.736611172919
2.2875	128.507240054125
2.29166666666667	129.452776183798
2.29583333333333	129.79745135037
2.3	130.719865577254
2.30416666666667	131.615450863412
2.30833333333333	131.183031354645
2.3125	129.642431187324
2.31666666666667	131.255220328472
2.32083333333333	131.932692252671
2.325	131.0372107618
2.32916666666667	130.86730877136
2.33333333333333	129.769373088031
2.3375	130.179100038961
2.34166666666667	130.390712341469
2.34583333333333	130.643033953031
2.35	130.707770297833
2.35416666666667	131.344598497462
2.35833333333333	130.723442567558
2.3625	130.416985688923
2.36666666666667	131.627494046509
2.37083333333333	131.475846751092
2.375	132.305390025046
2.37916666666667	132.606074237887
2.38333333333333	131.355123907479
2.3875	130.503712527329
2.39166666666667	130.291218454401
2.39583333333333	131.092096884152
2.4	131.186411084711
2.40416666666667	131.111940343103
2.40833333333333	133.041124461143
2.4125	132.740201850099
2.41666666666667	132.999637455701
2.42083333333333	131.51061377597
2.425	130.241415106381
2.42916666666667	129.839230737666
2.43333333333333	130.559752351173
2.4375	131.035266820578
2.44166666666667	131.126759893069
2.44583333333333	131.274974059353
2.45	130.923642681136
2.45416666666667	130.356970567345
2.45833333333333	129.617835481672
2.4625	130.232783281867
2.46666666666667	130.386921544364
2.47083333333333	130.163086803458
2.475	129.138768669676
2.47916666666667	129.738361970472
2.48333333333333	130.32792325282
2.4875	130.479207651008
2.49166666666667	130.864523809578
2.49583333333333	132.314816297448
2.5	131.554871874452
2.50416666666667	131.922017560999
2.50833333333333	132.186469040468
2.5125	132.202970679367
2.51666666666667	133.221434516325
2.52083333333333	132.797001058993
2.525	132.01621103302
2.52916666666667	132.212367741439
2.53333333333333	132.322549853152
2.5375	131.989168990594
2.54166666666667	132.798930845777
2.54583333333333	133.690330498903
2.55	134.767792329708
2.55416666666667	134.067797174743
2.55833333333333	134.027558459502
2.5625	135.631877615113
2.56666666666667	135.213546727236
2.57083333333333	135.302840593285
2.575	134.532585020035
2.57916666666667	134.830710997246
2.58333333333333	134.220078261919
2.5875	134.067407179264
2.59166666666667	133.839328177102
2.59583333333333	132.637064816388
2.6	130.685142302836
2.60416666666667	131.230190213104
2.60833333333333	130.218104597949
2.6125	130.162231923767
2.61666666666667	129.94332427657
2.62083333333333	130.323374045805
2.625	129.91531112168
2.62916666666667	129.962688049863
2.63333333333333	129.825186899805
2.6375	130.369512443698
2.64166666666667	130.592220531047
2.64583333333333	131.079278811427
2.65	131.492588710758
2.65416666666667	132.380112337383
2.65833333333333	133.026408803608
2.6625	132.553347931831
2.66666666666667	132.642293204378
2.67083333333333	131.692069500201
2.675	131.018893345829
2.67916666666667	130.896583104563
2.68333333333333	130.60431180395
2.6875	129.864447589037
2.69166666666667	130.852203569973
2.69583333333333	130.67065041182
2.7	130.267519472039
2.70416666666667	129.361055896259
2.70833333333333	129.223097421155
2.7125	129.898935930168
2.71666666666667	130.23775775209
2.72083333333333	132.121520532784
2.725	132.60513772998
2.72916666666667	132.891637196908
2.73333333333333	132.27366249295
2.7375	131.456206579191
2.74166666666667	131.232542869148
2.74583333333333	131.436778797626
2.75	130.631594846556
2.75416666666667	130.475028140587
2.75833333333333	132.022678444731
2.7625	130.668889886656
2.76666666666667	130.00203910609
2.77083333333333	129.181608122997
2.775	129.699466779828
2.77916666666667	131.427064022349
2.78333333333333	131.274654504954
2.7875	131.204832278746
2.79166666666667	130.761931982291
2.79583333333333	130.059218866997
2.8	131.06394879722
2.80416666666667	132.092814036757
2.80833333333333	131.568721566922
2.8125	132.555567608033
2.81666666666667	131.825966927178
2.82083333333333	132.088316968155
2.825	131.892319797143
2.82916666666667	131.493196044721
2.83333333333333	129.587727791989
2.8375	131.632213526647
2.84166666666667	132.541456943854
2.84583333333333	134.642201835798
2.85	133.418630255498
2.85416666666667	134.673352835464
2.85833333333333	133.688191400919
2.8625	134.249591934001
2.86666666666667	133.918642353175
2.87083333333333	133.988405804024
2.875	134.444463179383
2.87916666666667	133.028672900466
2.88333333333333	132.002396818931
2.8875	131.111147369138
2.89166666666667	130.167853414699
2.89583333333333	130.73012149859
2.9	131.015256514167
2.90416666666667	130.610259346045
2.90833333333333	131.286956878877
2.9125	130.400212067847
2.91666666666667	128.87126582247
2.92083333333333	128.822712604742
2.925	127.924063384451
2.92916666666667	128.803636478835
2.93333333333333	129.394413825072
2.9375	130.482934435729
2.94166666666667	131.920915124021
2.94583333333333	131.692040541054
2.95	132.233761071915
2.95416666666667	132.549984482752
2.95833333333333	131.936975267724
2.9625	132.297052384949
2.96666666666667	131.454897893868
2.97083333333333	132.305512169572
2.975	131.113111141878
2.97916666666667	130.662172157937
2.98333333333333	131.117468782454
2.9875	131.848467771381
2.99166666666667	133.286863784304
2.99583333333333	134.001857523746
3	133.691427259031
3.00416666666667	133.735227420926
3.00833333333333	134.743742123985
3.0125	134.523423667191
3.01666666666667	136.420967806464
3.02083333333333	135.451501623886
3.025	136.379814636216
3.02916666666667	136.167771283348
3.03333333333333	135.042238533604
3.0375	134.452110460018
3.04166666666667	135.302665142629
3.04583333333333	134.734311985054
3.05	134.499094688689
3.05416666666667	133.973463856983
3.05833333333333	132.93103990619
3.0625	131.598294405516
3.06666666666667	130.49264029275
3.07083333333333	132.80009746411
3.075	133.610829335417
3.07916666666667	133.17647147342
3.08333333333333	133.662800876082
3.0875	132.753931577021
3.09166666666667	132.816467317365
3.09583333333333	131.017147112765
3.1	130.90433418813
3.10416666666667	130.479570066548
3.10833333333333	131.170592009619
3.1125	129.303218073124
3.11666666666667	128.083381726108
3.12083333333333	127.692318961148
3.125	127.361669665022
3.12916666666667	128.124081055236
3.13333333333333	127.595323960614
3.1375	128.982365173235
3.14166666666667	128.625298983227
3.14583333333333	128.492912793418
3.15	127.934235996739
3.15416666666667	127.549462689682
3.15833333333333	127.529840338869
3.1625	128.13467792794
3.16666666666667	129.208450654144
3.17083333333333	129.695281170139
3.175	129.713891166288
3.17916666666667	131.580930929084
3.18333333333333	130.90552930228
3.1875	129.940549218953
3.19166666666667	130.868217869919
3.19583333333333	129.7467502613
3.2	131.223030755722
3.20416666666667	132.657361080935
3.20833333333333	131.767515660862
3.2125	131.440932339262
3.21666666666667	132.517590699604
3.22083333333333	132.198936117969
3.225	132.224599245869
3.22916666666667	132.423613233872
3.23333333333333	132.253302986461
3.2375	132.342235804012
3.24166666666667	132.145584410577
3.24583333333333	132.168513872932
3.25	132.445025479405
3.25416666666667	132.06301121936
3.25833333333333	132.3891073387
3.2625	132.437583893633
3.26666666666667	133.099429999306
3.27083333333333	133.211954980569
3.275	133.386517455252
3.27916666666667	132.430964487494
3.28333333333333	132.400146422265
3.2875	132.69221917096
3.29166666666667	132.022492611165
3.29583333333333	131.567537358249
3.3	131.649379793833
3.30416666666667	131.538041321627
3.30833333333333	131.286884039403
3.3125	130.932837037188
3.31666666666667	129.740315893182
3.32083333333333	128.615179840204
3.325	128.329697336157
3.32916666666667	129.10238037381
3.33333333333333	128.802975354805
3.3375	128.426692681346
3.34166666666667	127.68028002658
3.34583333333333	128.035018001289
3.35	128.55245024291
3.35416666666667	130.743370054221
3.35833333333333	130.211748289293
3.3625	130.283508130898
3.36666666666667	130.252646582286
3.37083333333333	129.764919576576
3.375	128.722013768765
3.37916666666667	129.245496648418
3.38333333333333	129.685779827578
3.3875	129.967148407359
3.39166666666667	130.164039534413
3.39583333333333	130.361974825473
3.4	130.980492504275
3.40416666666667	131.534552801338
3.40833333333333	132.364943790486
3.4125	131.860385073182
3.41666666666667	133.082019591468
3.42083333333333	132.794904723342
3.425	132.485418514811
3.42916666666667	133.225626948667
3.43333333333333	133.311215591325
3.4375	132.527215420426
3.44166666666667	130.906018572494
3.44583333333333	130.682759244775
3.45	129.868642291849
3.45416666666667	129.421685282226
3.45833333333333	130.318507030289
3.4625	129.484336424819
3.46666666666667	128.331991737856
3.47083333333333	128.178730332868
3.475	127.338687325685
3.47916666666667	126.413929206119
3.48333333333333	126.287032224691
3.4875	126.568799538678
3.49166666666667	125.399216848893
3.49583333333333	123.457947361507
3.5	122.254622614473
3.50416666666667	120.720892950202
3.50833333333333	120.644160580258
3.5125	120.972498773779
3.51666666666667	119.976546663934
3.52083333333333	118.522268657731
3.525	118.098977381599
3.52916666666667	117.597300744154
3.53333333333333	117.035026782538
3.5375	116.475766031084
3.54166666666667	115.828103502131
3.54583333333333	112.728529110866
3.55	111.864372149161
3.55416666666667	111.557861001773
3.55833333333333	112.857421389917
3.5625	111.129229549748
3.56666666666667	111.678736123321
3.57083333333333	111.348169943289
3.575	110.438399569374
3.57916666666667	109.815697617526
3.58333333333333	110.30071063693
3.5875	109.658375104744
3.59166666666667	109.273846475668
3.59583333333333	107.855503172116
3.6	107.088112862085
3.60416666666667	106.935717774387
3.60833333333333	106.644921657515
3.6125	106.548628868098
3.61666666666667	105.725710198281
3.62083333333333	106.014872754062
3.625	105.118273050125
3.62916666666667	106.443199853227
3.63333333333333	105.952930882563
3.6375	106.339567098078
3.64166666666667	106.167746771036
3.64583333333333	106.378995822809
3.65	105.921045822527
3.65416666666667	105.076879411531
3.65833333333333	105.896016871381
3.6625	105.822239544813
3.66666666666667	104.547384020774
3.67083333333333	104.35883620348
3.675	104.353868815308
3.67916666666667	103.537271664878
3.68333333333333	102.131458317108
3.6875	100.972065042872
3.69166666666667	101.221805265487
3.69583333333333	98.8428139402765
3.7	99.6620399461009
3.70416666666667	99.4643671029492
3.70833333333333	100.931796681005
3.7125	101.031175266338
3.71666666666667	101.937206347076
3.72083333333333	102.370644288724
3.725	104.492355750183
3.72916666666667	104.587849362614
3.73333333333333	104.665215773604
3.7375	104.525877668946
3.74166666666667	105.626790595575
3.74583333333333	106.865479834099
3.75	108.153182272869
3.75416666666667	109.145534575329
3.75833333333333	109.123129484237
3.7625	109.175469812526
3.76666666666667	111.166862023318
3.77083333333333	112.069726516908
3.775	111.503831110442
3.77916666666667	112.5692974592
3.78333333333333	114.76669091181
3.7875	114.913262621628
3.79166666666667	116.299039274103
3.79583333333333	117.27902302869
3.8	119.190008727164
3.80416666666667	119.699664594535
3.80833333333333	120.82871973559
3.8125	122.814211902106
3.81666666666667	121.347524967976
3.82083333333333	121.685180004957
3.825	122.646570779723
3.82916666666667	124.338792976828
3.83333333333333	125.036609512236
3.8375	125.117467449885
3.84166666666667	126.288650474779
3.84583333333333	127.113303156443
3.85	127.200412387422
3.85416666666667	127.154545115075
3.85833333333333	126.898166651055
3.8625	128.343319800394
3.86666666666667	129.323943133384
3.87083333333333	129.259340172153
3.875	128.412813929605
3.87916666666667	127.377006161627
3.88333333333333	128.57111280266
3.8875	129.166919692247
3.89166666666667	128.565918695719
3.89583333333333	129.845317159747
3.9	130.218126129611
3.90416666666667	131.598299336765
3.90833333333333	131.125003359498
3.9125	131.358759866216
3.91666666666667	133.312348604556
3.92083333333333	132.959135724267
3.925	133.717021947032
3.92916666666667	131.668231121228
3.93333333333333	131.748971748599
3.9375	131.752855221637
3.94166666666667	132.563794013068
3.94583333333333	132.965494676596
3.95	134.549520552889
3.95416666666667	134.422331016499
3.95833333333333	135.393769826134
3.9625	136.23206578862
3.96666666666667	135.872659977928
3.97083333333333	135.466660030522
3.975	135.436306521568
3.97916666666667	134.582663063906
3.98333333333333	134.171986634848
3.9875	133.823110655058
3.99166666666667	134.418962195346
3.99583333333333	135.459038172495
4	135.663955785529
4.00416666666667	134.02181373484
4.00833333333333	135.055877315912
4.0125	135.367737118994
4.01666666666667	134.135433725939
4.02083333333333	133.948184494285
4.025	134.569877498455
4.02916666666667	134.620690244065
4.03333333333333	134.457194265952
4.0375	133.990625329871
4.04166666666667	134.055413129602
4.04583333333333	134.374631378258
4.05	134.632070110669
4.05416666666667	132.560322614172
4.05833333333333	132.384846916826
4.0625	131.94409464051
4.06666666666667	133.580881030519
4.07083333333333	134.063095363039
4.075	133.954172798474
4.07916666666667	132.393288649066
4.08333333333333	131.829082591689
4.0875	132.05994582954
4.09166666666667	132.232910541653
4.09583333333333	131.413508083673
4.1	132.317974411851
4.10416666666667	132.311917036894
4.10833333333333	132.807346913737
4.1125	133.117967291367
4.11666666666667	132.444627587438
4.12083333333333	132.131917323657
4.125	133.113213872174
4.12916666666667	132.055597490201
4.13333333333333	132.618993401359
4.1375	131.99036481835
4.14166666666667	132.740788993696
4.14583333333333	133.399649337436
4.15	134.989748812873
4.15416666666667	133.85127421382
4.15833333333333	133.522009128629
4.1625	132.827985852897
4.16666666666667	133.177568711281
4.17083333333333	132.419381258218
4.175	131.006015228254
4.17916666666667	132.555955789654
4.18333333333333	133.490788833738
4.1875	134.646104358157
4.19166666666667	135.299515834187
4.19583333333333	133.920395871247
4.2	132.616223704443
4.20416666666667	133.484117685631
4.20833333333333	133.642098542525
4.2125	133.310055853871
4.21666666666667	132.504022329062
4.22083333333333	133.152635302652
4.225	133.836068931582
4.22916666666667	134.375870759441
4.23333333333333	134.889078005488
4.2375	135.644644779781
4.24166666666667	135.895922545826
4.24583333333333	136.345724139689
4.25	136.329627956149
4.25416666666667	137.023250463601
4.25833333333333	136.680944787332
4.2625	134.921167591308
4.26666666666667	133.859634793419
4.27083333333333	134.281567617459
4.275	132.978953853725
4.27916666666667	133.186365310009
4.28333333333333	133.039232017391
4.2875	134.701441882681
4.29166666666667	134.152153379153
4.29583333333333	133.550041984276
4.3	135.011399962819
4.30416666666667	133.369079062084
4.30833333333333	132.409893104696
4.3125	131.596846852909
4.31666666666667	130.92893811103
4.32083333333333	132.38273882613
4.325	131.641892825066
4.32916666666667	131.774054533659
4.33333333333333	132.243807671338
4.3375	132.783137962707
4.34166666666667	134.072265081494
4.34583333333333	133.781090689508
4.35	134.455877275
4.35416666666667	134.342276401873
4.35833333333333	134.310816193177
4.3625	133.293664524295
4.36666666666667	132.961829283247
4.37083333333333	132.712544030854
4.375	133.823707242184
4.37916666666667	133.503481895572
4.38333333333333	133.083524165011
4.3875	131.888539174052
4.39166666666667	131.771467674751
4.39583333333333	131.600510325905
4.4	131.096035523677
4.40416666666667	132.555081781224
4.40833333333333	133.464214792745
4.4125	133.810027472661
4.41666666666667	135.950788494002
4.42083333333333	135.7488827899
4.425	136.13282582501
4.42916666666667	136.220474608121
4.43333333333333	135.138787764051
4.4375	133.882535050399
4.44166666666667	133.40899891802
4.44583333333333	132.583436714273
4.45	132.108386805451
4.45416666666667	131.100635859344
4.45833333333333	131.362567978039
4.4625	130.37860591811
4.46666666666667	132.352919116715
4.47083333333333	132.996137240456
4.475	132.918753583025
4.47916666666667	132.348010931446
4.48333333333333	133.479629379164
4.4875	132.641208246798
4.49166666666667	134.769849010508
4.49583333333333	134.081323808676
4.5	135.485985245195
4.50416666666667	134.668236149687
4.50833333333333	136.306639100719
4.5125	135.321329857137
4.51666666666667	136.277672435746
4.52083333333333	136.810493112385
4.525	137.560545491399
4.52916666666667	136.121237450567
4.53333333333333	136.765198453738
4.5375	136.223964312421
4.54166666666667	138.130687100932
4.54583333333333	137.877377801943
4.55	137.689460512689
4.55416666666667	138.17837108013
4.55833333333333	136.248784418667
4.5625	136.915602147194
4.56666666666667	136.257453851316
4.57083333333333	137.758804325106
4.575	137.410322870335
4.57916666666667	136.074772255793
4.58333333333333	134.50070289547
4.5875	133.763241139514
4.59166666666667	133.00659348135
4.59583333333333	132.730957085589
4.6	131.456628948814
4.60416666666667	132.56628490166
4.60833333333333	132.802511462751
4.6125	132.372090707379
4.61666666666667	132.263086560646
4.62083333333333	131.777526596657
4.625	132.604571837848
4.62916666666667	132.174477969769
4.63333333333333	132.296402508427
4.6375	132.177724670374
4.64166666666667	131.664205425609
4.64583333333333	130.645873577084
4.65	131.287643942166
4.65416666666667	130.961978026968
4.65833333333333	130.418636128509
4.6625	131.11369544968
4.66666666666667	131.760484077876
4.67083333333333	132.413374028261
4.675	134.381180793034
4.67916666666667	135.061943483489
4.68333333333333	133.883992436735
4.6875	133.889899262471
4.69166666666667	134.249186601042
4.69583333333333	134.132233604573
4.7	134.616463951074
4.70416666666667	134.192159927395
4.70833333333333	133.764621231566
4.7125	134.213531843116
4.71666666666667	133.730657558768
4.72083333333333	134.29794968722
4.725	134.084521864178
4.72916666666667	134.237405171607
4.73333333333333	133.247187197
4.7375	132.275924417811
4.74166666666667	132.410676145333
4.74583333333333	133.146639326754
4.75	132.373862320037
4.75416666666667	132.69378971169
4.75833333333333	133.366708017133
4.7625	134.073310327393
4.76666666666667	133.500741639355
4.77083333333333	133.294481928667
4.775	133.04794526306
4.77916666666667	133.032636580757
4.78333333333333	131.938315119113
4.7875	131.305691944413
4.79166666666667	131.240708339626
4.79583333333333	131.453973778903
4.8	133.081632397337
4.80416666666667	133.38843149062
4.80833333333333	133.192979915685
4.8125	133.00084667817
4.81666666666667	131.636169622022
4.82083333333333	131.179475600979
4.825	130.621772723441
4.82916666666667	131.533903343697
4.83333333333333	132.775991852928
4.8375	134.3004267699
4.84166666666667	134.921152364347
4.84583333333333	135.37104661955
4.85	136.495437317484
4.85416666666667	136.408332753837
4.85833333333333	136.219060353737
4.8625	134.993633713075
4.86666666666667	133.451455580132
4.87083333333333	132.8388753881
4.875	132.240275363436
4.87916666666667	131.603774798744
4.88333333333333	131.360146921415
4.8875	131.412312287953
4.89166666666667	132.367585690066
4.89583333333333	131.543473542279
4.9	131.327562089827
4.90416666666667	131.358948291013
4.90833333333333	131.02696712187
4.9125	131.865624952746
4.91666666666667	131.669573383937
4.92083333333333	131.851383617785
4.925	130.981339370873
4.92916666666667	130.515167446099
4.93333333333333	130.207313872199
4.9375	129.628041361145
4.94166666666667	129.250650367583
4.94583333333333	128.715931233963
4.95	128.000184873008
4.95416666666667	128.884129298774
4.95833333333333	129.538739300659
4.9625	129.534691543234
4.96666666666667	129.051780166891
4.97083333333333	129.08597876161
4.975	129.812731864806
4.97916666666667	129.787318575783
4.98333333333333	129.891781395356
4.9875	130.107445209594
4.99166666666667	130.94438570313
4.99583333333333	131.211905142183
5	130.630020023236
5.00416666666667	132.096874299834
5.00833333333333	131.437702901426
5.0125	130.982884086067
5.01666666666667	132.203911112821
5.02083333333333	131.893042908431
5.025	131.420323400819
5.02916666666667	132.372266836302
5.03333333333333	131.339995733568
5.0375	131.425572717755
5.04166666666667	129.522687068407
5.04583333333333	128.942192941795
5.05	130.167217274563
5.05416666666667	131.639834762713
5.05833333333333	134.012178490512
5.0625	133.415400377087
5.06666666666667	134.093840034686
5.07083333333333	134.217534381722
5.075	134.698647469521
5.07916666666667	135.157084488812
5.08333333333333	133.87302936192
5.0875	132.874069386007
5.09166666666667	131.202841069436
5.09583333333333	130.90091033531
5.1	131.444156344574
5.10416666666667	130.178955330302
5.10833333333333	129.551498942072
5.1125	130.742138908285
5.11666666666667	130.266661593287
5.12083333333333	130.107823341088
5.125	129.533016483223
5.12916666666667	129.352283296565
5.13333333333333	129.804396139305
5.1375	129.663935543073
5.14166666666667	130.405808047473
5.14583333333333	129.264478603407
5.15	129.238775855248
5.15416666666667	130.474144750696
5.15833333333333	130.687625887378
5.1625	130.009494641308
5.16666666666667	129.036422864686
5.17083333333333	127.750569522464
5.175	128.435142061304
5.17916666666667	129.579625525788
5.18333333333333	130.838208245884
5.1875	132.415786033174
5.19166666666667	131.969553624837
5.19583333333333	133.591731114496
5.2	135.567379560244
5.20416666666667	135.514062730156
5.20833333333333	134.802317699808
5.2125	132.665914787072
5.21666666666667	133.35414354481
5.22083333333333	132.777916347267
5.225	133.33071054505
5.22916666666667	134.59623787156
5.23333333333333	134.22477173162
5.2375	134.349247249631
5.24166666666667	133.233277401636
5.24583333333333	133.071037427714
5.25	132.4378338719
5.25416666666667	132.573833267366
5.25833333333333	134.746058791178
5.2625	136.133074309489
5.26666666666667	136.806800988916
5.27083333333333	137.235735723222
5.275	137.799672259941
5.27916666666667	137.295455119736
5.28333333333333	137.789977020996
5.2875	136.838303302936
5.29166666666667	137.117310404833
5.29583333333333	136.625798606912
5.3	137.397572585991
5.30416666666667	138.18298517249
5.30833333333333	138.535697331385
5.3125	137.204215139988
5.31666666666667	136.974499175929
5.32083333333333	135.233297423308
5.325	134.391025781866
5.32916666666667	133.357957854872
5.33333333333333	135.187045054446
5.3375	134.923064381419
5.34166666666667	135.285744017238
5.34583333333333	135.391331071134
5.35	134.662988705306
5.35416666666667	132.326225686104
5.35833333333333	132.328204538767
5.3625	132.725569709905
5.36666666666667	132.64481183107
5.37083333333333	132.268217858994
5.375	131.911542304768
5.37916666666667	131.977274960716
5.38333333333333	131.755062070274
5.3875	131.313357750037
5.39166666666667	129.86703766145
5.39583333333333	129.402818727591
5.4	129.534466384832
5.40416666666667	128.561587991786
5.40833333333333	127.993690504122
5.4125	128.84475276518
5.41666666666667	130.002757474346
5.42083333333333	131.12755280418
5.425	131.24347513518
5.42916666666667	131.441810698045
5.43333333333333	131.78498153056
5.4375	131.828795591909
5.44166666666667	131.400637510489
5.44583333333333	132.528728049802
5.45	132.451579047686
5.45416666666667	133.362795679382
5.45833333333333	133.947655252083
5.4625	135.347962347542
5.46666666666667	135.351291202066
5.47083333333333	135.888719648723
5.475	135.460541079591
5.47916666666667	136.178552669629
5.48333333333333	136.958809950844
5.4875	136.293892166556
5.49166666666667	136.640621838259
5.49583333333333	137.183444571627
5.5	137.13321751382
5.50416666666667	138.052320798132
5.50833333333333	138.660952139224
5.5125	138.407083557144
5.51666666666667	137.352727785493
5.52083333333333	137.068279599377
5.525	135.703605079265
5.52916666666667	135.410790809374
5.53333333333333	135.094751240341
5.5375	134.483977615366
5.54166666666667	135.304186853648
5.54583333333333	134.720518923636
5.55	133.688606116459
5.55416666666667	132.926762235866
5.55833333333333	133.480878319831
5.5625	134.437909851252
5.56666666666667	133.064778123919
5.57083333333333	133.599143456694
5.575	133.041829522152
5.57916666666667	133.204550781459
5.58333333333333	132.970916096451
5.5875	133.190470261879
5.59166666666667	133.20170282326
5.59583333333333	131.762758602953
5.6	132.015453945762
5.60416666666667	131.889012374942
5.60833333333333	131.372213723318
5.6125	131.596255530312
5.61666666666667	131.441946448722
5.62083333333333	130.757986900307
5.625	130.375542550434
5.62916666666667	130.334144318212
5.63333333333333	129.396761046983
5.6375	129.002589612084
5.64166666666667	129.520148920132
5.64583333333333	130.067993015796
5.65	129.432254959356
5.65416666666667	130.285818322178
5.65833333333333	130.750331226886
5.6625	131.641020098042
5.66666666666667	130.323078273855
5.67083333333333	128.395915971768
5.675	127.178206795085
5.67916666666667	126.518113758378
5.68333333333333	127.320604701611
5.6875	127.898905003803
5.69166666666667	128.132708714985
5.69583333333333	128.005064400238
5.7	126.937511240242
5.70416666666667	127.580965840921
5.70833333333333	127.933342234026
5.7125	127.713389620568
5.71666666666667	128.791773852821
5.72083333333333	130.404649241759
5.725	131.222449667503
5.72916666666667	132.316601884079
5.73333333333333	131.843917930237
5.7375	132.08021791452
5.74166666666667	131.837592633145
5.74583333333333	131.609457555248
5.75	131.767940141393
5.75416666666667	132.191236355428
5.75833333333333	133.200790542425
5.7625	133.768442470188
5.76666666666667	132.752211508505
5.77083333333333	133.53395681635
5.775	132.928127355178
5.77916666666667	134.537191371551
5.78333333333333	133.53802853816
5.7875	134.063816339313
5.79166666666667	134.042885411193
5.79583333333333	133.644765245151
5.8	133.414793423066
5.80416666666667	135.150742371603
5.80833333333333	135.326290551505
5.8125	134.41956368537
5.81666666666667	132.805294235118
5.82083333333333	131.083530589822
5.825	131.101713326039
5.82916666666667	130.350606584889
5.83333333333333	129.749561614163
5.8375	129.487148921628
5.84166666666667	129.076617469442
5.84583333333333	128.244587685612
5.85	128.062062844971
5.85416666666667	127.455532268834
5.85833333333333	126.813589056164
5.8625	127.166782775293
5.86666666666667	127.764820530441
5.87083333333333	129.173208857119
5.875	129.006211322641
5.87916666666667	127.914541290701
5.88333333333333	128.045686569905
5.8875	127.142850167885
5.89166666666667	126.589641995851
5.89583333333333	126.43879721886
5.9	126.530803855088
5.90416666666667	127.36121950153
5.90833333333333	127.702191153584
5.9125	128.971529773491
5.91666666666667	128.251695075098
5.92083333333333	128.539564853673
5.925	129.642153324655
5.92916666666667	130.24768065466
5.93333333333333	132.49624013644
5.9375	134.535141654057
5.94166666666667	135.923230498836
5.94583333333333	135.961004452476
5.95	135.109589010774
5.95416666666667	134.138681462387
5.95833333333333	133.499606643522
5.9625	133.579844902992
5.96666666666667	134.381747079471
5.97083333333333	134.403294547356
5.975	133.621724746257
5.97916666666667	133.3492864606
5.98333333333333	133.730638361381
5.9875	133.774310963378
5.99166666666667	134.298081872615
5.99583333333333	134.770061076036
6	134.72889725269
6.00416666666667	135.218464824661
6.00833333333333	134.981749334832
6.0125	134.545903748955
6.01666666666667	135.193151459054
6.02083333333333	134.488462917548
6.025	135.156006908637
6.02916666666667	135.555714211513
6.03333333333333	136.062953117582
6.0375	134.886776859012
6.04166666666667	134.038942498418
6.04583333333333	134.648994159961
6.05	133.126383476996
6.05416666666667	133.131208608887
6.05833333333333	132.252625722657
6.0625	132.108889355103
6.06666666666667	131.953669366901
6.07083333333333	131.870347313156
6.075	131.270071635519
6.07916666666667	132.493789474687
6.08333333333333	131.749930153845
6.0875	130.642980643117
6.09166666666667	129.321537768974
6.09583333333333	127.565269876958
6.1	127.470420685946
6.10416666666667	130.188202788611
6.10833333333333	129.889618104722
6.1125	129.393609261342
6.11666666666667	129.400566324133
6.12083333333333	129.860943351257
6.125	128.944593500898
6.12916666666667	129.038917521709
6.13333333333333	128.994917693181
6.1375	127.433823701063
6.14166666666667	128.009544917931
6.14583333333333	128.165603644562
6.15	129.568967218432
6.15416666666667	129.828040160818
6.15833333333333	130.599446680418
6.1625	131.571340797841
6.16666666666667	133.437640536377
6.17083333333333	132.373329740496
6.175	133.371396891625
6.17916666666667	135.274564266428
6.18333333333333	135.909840394074
6.1875	135.094145286098
6.19166666666667	134.261609045044
6.19583333333333	135.087354672197
6.2	136.734625748178
6.20416666666667	135.954080972468
6.20833333333333	135.587641774955
6.2125	136.110020924883
6.21666666666667	136.317132162758
6.22083333333333	135.589175091694
6.225	134.926946015507
6.22916666666667	134.162016578193
6.23333333333333	133.993214459074
6.2375	133.087205414416
6.24166666666667	133.698555599934
6.24583333333333	134.586260989777
6.25	134.560645232306
6.25416666666667	134.818945425151
6.25833333333333	134.001215376288
6.2625	133.949741987273
6.26666666666667	133.889334033653
6.27083333333333	133.248806076821
6.275	132.537999272301
6.27916666666667	132.989952687362
6.28333333333333	134.249357819574
6.2875	134.211551895493
6.29166666666667	133.570022127141
6.29583333333333	134.02001632011
6.3	133.282857970341
6.30416666666667	134.613401875075
6.30833333333333	135.836464363434
6.3125	135.825265366333
6.31666666666667	135.268071370711
6.32083333333333	135.127230484611
6.325	134.221881335034
6.32916666666667	134.763319720331
6.33333333333333	134.448856381333
6.3375	134.638252465582
6.34166666666667	133.95871613377
6.34583333333333	134.525726403211
6.35	135.635232711484
6.35416666666667	135.773536685416
6.35833333333333	136.13223819892
6.3625	135.801848441529
6.36666666666667	134.49631410852
6.37083333333333	134.360889178645
6.375	133.538653957328
6.37916666666667	131.551121804192
6.38333333333333	130.478934978083
6.3875	130.269335054898
6.39166666666667	129.706649498418
6.39583333333333	129.109951841035
6.4	128.007626136281
6.40416666666667	129.128543184956
6.40833333333333	128.471915055773
6.4125	127.919666878601
6.41666666666667	129.146729908017
6.42083333333333	130.56488993554
6.425	130.251684245445
6.42916666666667	131.069233715655
6.43333333333333	129.952106527859
6.4375	129.060605257274
6.44166666666667	128.350279357318
6.44583333333333	129.48968820678
6.45	129.32075648852
6.45416666666667	128.284443000499
6.45833333333333	127.927721544262
6.4625	127.718303699832
6.46666666666667	127.520593031902
6.47083333333333	127.30189586005
6.475	127.479559572491
6.47916666666667	127.602700491915
6.48333333333333	126.61789927874
6.4875	125.954694754549
6.49166666666667	125.606429470338
6.49583333333333	124.644715693244
6.5	123.145389681513
6.50416666666667	121.394375841262
6.50833333333333	121.01756370167
6.5125	120.729288827319
6.51666666666667	119.601950762008
6.52083333333333	119.50674036278
6.525	117.58206142169
6.52916666666667	115.776802422229
6.53333333333333	116.032594647368
6.5375	114.558792124634
6.54166666666667	112.703346836299
6.54583333333333	113.346324013535
6.55	113.894361676553
6.55416666666667	113.111814377848
6.55833333333333	113.088624095539
6.5625	112.853746791344
6.56666666666667	111.76902848964
6.57083333333333	109.542883544916
6.575	109.735238487895
6.57916666666667	109.280198216903
6.58333333333333	108.96166870406
6.5875	109.847712335358
6.59166666666667	109.56436069604
6.59583333333333	108.336257637861
6.6	106.545208287406
6.60416666666667	104.971759690881
6.60833333333333	103.408720162922
6.6125	103.648440966292
6.61666666666667	101.732430219848
6.62083333333333	101.807981110827
6.625	101.792599638687
6.62916666666667	102.516833539367
6.63333333333333	103.383250483299
6.6375	102.595272201174
6.64166666666667	102.39482502131
6.64583333333333	101.100171358498
6.65	101.930874107252
6.65416666666667	102.432658067694
6.65833333333333	101.72407685173
6.6625	101.529450356091
6.66666666666667	101.694013174296
6.67083333333333	102.692591970378
6.675	103.113622252937
6.67916666666667	103.897388702248
6.68333333333333	104.825150434881
6.6875	105.766720355335
6.69166666666667	106.926417505296
6.69583333333333	106.636230164366
6.7	106.688840503923
6.70416666666667	108.034319444306
6.70833333333333	110.798967890022
6.7125	112.149939143387
6.71666666666667	112.094388638569
6.72083333333333	112.064876034308
6.725	112.477448213828
6.72916666666667	112.896160026085
6.73333333333333	113.238717450866
6.7375	114.865195544686
6.74166666666667	115.813659737897
6.74583333333333	116.225088716728
6.75	117.798199541458
6.75416666666667	118.034618508315
6.75833333333333	118.560493066059
6.7625	117.869248344915
6.76666666666667	119.204018351703
6.77083333333333	120.038640532701
6.775	119.895834012297
6.77916666666667	120.220837902765
6.78333333333333	120.777195636902
6.7875	121.270283757638
6.79166666666667	120.658790193144
6.79583333333333	121.482006606594
6.8	122.697889553277
6.80416666666667	123.372486555935
6.80833333333333	124.768024789412
6.8125	126.112944880796
6.81666666666667	125.43598956753
6.82083333333333	126.109204049986
6.825	125.789517214954
6.82916666666667	126.449742831226
6.83333333333333	126.035145741216
6.8375	127.915574108718
6.84166666666667	128.03601976619
6.84583333333333	127.599725116544
6.85	127.77184467176
6.85416666666667	128.317968036679
6.85833333333333	128.734193068725
6.8625	129.459521342937
6.86666666666667	130.449786184796
6.87083333333333	132.286864334077
6.875	133.666666934155
6.87916666666667	135.208578927671
6.88333333333333	135.476578845464
6.8875	135.507691738442
6.89166666666667	135.156669643204
6.89583333333333	134.608370250137
6.9	135.616414091886
6.90416666666667	136.015801150748
6.90833333333333	136.094871924213
6.9125	136.783266345967
6.91666666666667	136.692567455257
6.92083333333333	137.474528861089
6.925	136.290522447035
6.92916666666667	136.05446023676
6.93333333333333	137.036107265251
6.9375	137.794219578824
6.94166666666667	138.218981726215
6.94583333333333	137.756779783927
6.95	135.631118280383
6.95416666666667	136.506265136952
6.95833333333333	136.079225353837
6.9625	136.668945204701
6.96666666666667	136.436879013662
6.97083333333333	135.566061611732
6.975	136.144986859534
6.97916666666667	135.988935486732
6.98333333333333	135.743961162553
6.9875	135.617276719679
6.99166666666667	134.063896034806
6.99583333333333	133.477266727507
7	133.744156578871
7.00416666666667	132.735902187942
7.00833333333333	131.314857295678
7.0125	130.714662256958
7.01666666666667	130.811211062094
7.02083333333333	130.264325754166
7.025	130.188452382189
7.02916666666667	131.23920034855
7.03333333333333	130.407083836554
7.0375	132.281236294907
7.04166666666667	133.07918377373
7.04583333333333	132.8652320746
7.05	132.161629510626
7.05416666666667	132.97133385042
7.05833333333333	133.452088368852
7.0625	132.972274520618
7.06666666666667	134.457013696904
7.07083333333333	133.711267791799
7.075	132.928056808951
7.07916666666667	131.707524504125
7.08333333333333	131.538342133726
7.0875	130.727275980798
7.09166666666667	131.00615295943
7.09583333333333	133.403698583002
7.1	134.287438333761
7.10416666666667	135.882922433108
7.10833333333333	136.119629305657
7.1125	137.116954187603
7.11666666666667	138.192309921687
7.12083333333333	137.840425690237
7.125	137.77425087359
7.12916666666667	137.162114542439
7.13333333333333	137.276554402335
7.1375	136.103536501706
7.14166666666667	134.915608065416
7.14583333333333	135.274061606394
7.15	135.574626984638
7.15416666666667	135.388315164905
7.15833333333333	133.489362056853
7.1625	132.889345175656
7.16666666666667	132.714541827526
7.17083333333333	133.666107534896
7.175	133.751187966503
7.17916666666667	133.550023676396
7.18333333333333	134.455498454143
7.1875	133.544213396481
7.19166666666667	132.091523037148
7.19583333333333	130.426754822641
7.2	130.23240524496
7.20416666666667	129.607845268198
7.20833333333333	130.057105686442
7.2125	130.123069902147
7.21666666666667	129.621671106618
7.22083333333333	129.591702847546
7.225	130.861326984825
7.22916666666667	131.511809009463
7.23333333333333	130.942013336972
7.2375	131.586486833794
7.24166666666667	131.716665226544
7.24583333333333	132.465925277998
7.25	132.345376251127
7.25416666666667	132.150322637587
7.25833333333333	133.119413372284
7.2625	134.274205744823
7.26666666666667	133.845434878374
7.27083333333333	133.599695450141
7.275	133.37700832436
7.27916666666667	131.879904460955
7.28333333333333	132.754231302594
7.2875	133.210120521503
7.29166666666667	134.227897814178
7.29583333333333	135.474628171252
7.3	135.330383481844
7.30416666666667	134.85452142697
7.30833333333333	133.991408719098
7.3125	133.871190456775
7.31666666666667	133.956755739067
7.32083333333333	133.989139868174
7.325	133.142897399797
7.32916666666667	132.687553659047
7.33333333333333	133.329144877568
7.3375	133.823011451924
7.34166666666667	133.751243653292
7.34583333333333	134.361132269155
7.35	133.426728999989
7.35416666666667	134.564469134048
7.35833333333333	134.573289481667
7.3625	134.863010913959
7.36666666666667	135.467085386768
7.37083333333333	134.114629383523
7.375	133.554487949619
7.37916666666667	133.871524631146
7.38333333333333	133.549534696966
7.3875	134.506777234796
7.39166666666667	134.961280329652
7.39583333333333	134.170200285971
7.4	134.690822561131
7.40416666666667	134.398357684389
7.40833333333333	134.52543298
7.4125	134.985101933791
7.41666666666667	135.374620659454
7.42083333333333	136.275349438495
7.425	135.87090325685
7.42916666666667	134.032019908411
7.43333333333333	134.85194936872
7.4375	135.307197249549
7.44166666666667	134.046649243025
7.44583333333333	133.254923048986
7.45	132.602028551893
7.45416666666667	132.458127166672
7.45833333333333	131.663907717386
7.4625	132.539573482672
7.46666666666667	131.70379668602
7.47083333333333	132.738889023608
7.475	132.85910479391
7.47916666666667	132.446328843473
7.48333333333333	132.194408969895
7.4875	132.550734206342
7.49166666666667	131.43994465896
7.49583333333333	131.717498666303
7.5	132.800317119401
7.50416666666667	132.969455546592
7.50833333333333	132.674270655749
7.5125	132.80606480461
7.51666666666667	132.731123819501
7.52083333333333	133.94479519304
7.525	134.788936090955
7.52916666666667	133.863775868463
7.53333333333333	133.7106890596
7.5375	133.894549886555
7.54166666666667	133.747368206183
7.54583333333333	132.385138950218
7.55	133.718418956799
7.55416666666667	133.07422299286
7.55833333333333	132.928572788186
7.5625	132.870279472694
7.56666666666667	133.449162661527
7.57083333333333	133.683566855202
7.575	134.387031505144
7.57916666666667	134.745956660102
7.58333333333333	134.962377305494
7.5875	136.274863255154
7.59166666666667	136.470287177878
7.59583333333333	135.737999674604
7.6	135.711900978984
7.60416666666667	135.537210535063
7.60833333333333	135.494620673016
7.6125	135.639119383964
7.61666666666667	134.822997311936
7.62083333333333	134.849981163112
7.625	134.127711087354
7.62916666666667	134.13343628044
7.63333333333333	133.431824924774
7.6375	132.41445301236
7.64166666666667	133.187726217658
7.64583333333333	132.729842034678
7.65	133.346486518412
7.65416666666667	132.657456426909
7.65833333333333	132.929531054344
7.6625	134.828406633005
7.66666666666667	134.742917920947
7.67083333333333	135.124191822965
7.675	134.317074825272
7.67916666666667	132.856191812078
7.68333333333333	134.59638639556
7.6875	134.45107576669
7.69166666666667	134.882053185027
7.69583333333333	134.985819213759
7.7	135.685062017335
7.70416666666667	134.135478180934
7.70833333333333	133.83820170882
7.7125	134.139555473082
7.71666666666667	133.341343844004
7.72083333333333	134.465014470738
7.725	134.062331232404
7.72916666666667	133.971061265058
7.73333333333333	133.276412678618
7.7375	133.127819816368
7.74166666666667	133.20859320555
7.74583333333333	132.557414375635
7.75	131.270499170194
7.75416666666667	130.492417300607
7.75833333333333	131.085343975782
7.7625	130.522274192506
7.76666666666667	132.400968320121
7.77083333333333	132.068637755883
7.775	132.768571124557
7.77916666666667	133.563592650962
7.78333333333333	134.695321476825
7.7875	134.936916876038
7.79166666666667	134.049075270829
7.79583333333333	133.626402011519
7.8	132.378897963261
7.80416666666667	132.136340788345
7.80833333333333	133.469017518009
7.8125	133.342570257158
7.81666666666667	134.285855411133
7.82083333333333	134.376667219002
7.825	133.89475257371
7.82916666666667	132.673997803778
7.83333333333333	134.022575205402
7.8375	132.721681697768
7.84166666666667	132.581887875453
7.84583333333333	133.178009941265
7.85	134.529140185136
7.85416666666667	133.655675416805
7.85833333333333	133.898401112444
7.8625	134.002014530887
7.86666666666667	133.736705195063
7.87083333333333	132.579339562886
7.875	131.295999448317
7.87916666666667	129.378473259438
7.88333333333333	128.722918014529
7.8875	128.675918160584
7.89166666666667	128.629060754229
7.89583333333333	129.127935325159
7.9	130.293040118453
7.90416666666667	130.895211599365
7.90833333333333	132.328871484146
7.9125	132.400412721718
7.91666666666667	132.351715327194
7.92083333333333	132.016140378044
7.925	131.274832584911
7.92916666666667	131.31226100154
7.93333333333333	131.211806153062
7.9375	131.901409440015
7.94166666666667	131.87363851073
7.94583333333333	132.040630271599
7.95	131.181256331846
7.95416666666667	131.304234885336
7.95833333333333	132.138831686217
7.9625	132.038136307341
7.96666666666667	132.327613677017
7.97083333333333	131.946999656622
7.975	132.199996442334
7.97916666666667	133.541734739716
7.98333333333333	133.194909687823
7.9875	132.300114625196
7.99166666666667	132.451664313993
7.99583333333333	131.786767724117
8	131.144537050698
8.00416666666667	131.473070569887
8.00833333333333	131.464445571128
8.0125	131.211243813912
8.01666666666667	130.208828374403
8.02083333333333	129.197016066069
8.025	129.947820271347
8.02916666666667	129.335585641198
8.03333333333333	129.086189907409
8.0375	128.825172991135
8.04166666666667	129.556756495052
8.04583333333333	128.716929433106
8.05	129.763140436217
8.05416666666667	130.095491757709
8.05833333333333	129.819129378792
8.0625	131.228614030461
8.06666666666667	130.826462267231
8.07083333333333	130.550161872478
8.075	130.68400023067
8.07916666666667	132.380936053383
8.08333333333333	132.938631856764
8.0875	133.143017152436
8.09166666666667	133.02884053472
8.09583333333333	132.863154242092
8.1	133.043640091225
8.10416666666667	132.702171736373
8.10833333333333	133.79460918004
8.1125	131.900238839283
8.11666666666667	130.47431500625
8.12083333333333	130.919199678878
8.125	131.221084304111
8.12916666666667	131.739494717918
8.13333333333333	132.012639064572
8.1375	131.681441436688
8.14166666666667	131.936588407098
8.14583333333333	130.51827380233
8.15	131.482162926302
8.15416666666667	130.695425436753
8.15833333333333	130.555363088868
8.1625	129.793578442137
8.16666666666667	129.9035053682
8.17083333333333	129.471989833946
8.175	129.353068536168
8.17916666666667	129.197969019044
8.18333333333333	129.888755325111
8.1875	130.097455209445
8.19166666666667	130.342322265789
8.19583333333333	131.049530968801
8.2	131.459385711689
8.20416666666667	132.05507845889
8.20833333333333	132.23311874643
8.2125	132.739291481087
8.21666666666667	133.116899187684
8.22083333333333	133.183415900675
8.225	132.252476764994
8.22916666666667	134.010885923877
8.23333333333333	134.890553136414
8.2375	135.790787998552
8.24166666666667	135.896910630224
8.24583333333333	135.458361031392
8.25	135.058527383148
8.25416666666667	134.79544500517
8.25833333333333	135.375463366669
8.2625	133.963064528166
8.26666666666667	133.232393250327
8.27083333333333	133.305236794224
8.275	131.634142290157
8.27916666666667	131.714057161885
8.28333333333333	131.465361682674
8.2875	130.965699721504
8.29166666666667	131.54880256264
8.29583333333333	130.998517405855
8.3	130.763515385542
8.30416666666667	131.585936139941
8.30833333333333	130.464661726322
8.3125	130.211085656249
8.31666666666667	130.357947370454
8.32083333333333	129.295772759466
8.325	130.203069626133
8.32916666666667	130.667983260585
8.33333333333333	131.082594915692
8.3375	131.769403781846
8.34166666666667	130.695391632741
8.34583333333333	130.30576447987
8.35	130.161747381553
8.35416666666667	130.557098232682
8.35833333333333	130.418170791875
8.3625	129.923851925647
8.36666666666667	131.102481087361
8.37083333333333	131.513883395922
8.375	130.12906606758
8.37916666666667	131.218598776278
8.38333333333333	130.024211496478
8.3875	130.592695594313
8.39166666666667	130.506234737865
8.39583333333333	129.935257768915
8.4	130.228269277838
8.40416666666667	129.740632908688
8.40833333333333	130.80867705622
8.4125	130.795213191378
8.41666666666667	130.214812620235
8.42083333333333	129.803402876163
8.425	130.144003620976
8.42916666666667	130.626723613216
8.43333333333333	132.300630869193
8.4375	133.35327490618
8.44166666666667	133.161473242135
8.44583333333333	132.20423086052
8.45	131.85961419748
8.45416666666667	130.813957112752
8.45833333333333	130.260673145235
8.4625	131.060138368954
8.46666666666667	131.53039056355
8.47083333333333	130.960652998866
8.475	130.818609194518
8.47916666666667	131.045828485104
8.48333333333333	131.299960351539
8.4875	131.376676718853
8.49166666666667	130.225183511678
8.49583333333333	130.04582889101
8.5	130.004020937571
8.50416666666667	131.426277076981
8.50833333333333	131.162367505464
8.5125	131.056392264187
8.51666666666667	131.394796860428
8.52083333333333	130.099930663849
8.525	129.838170424224
8.52916666666667	130.60691978315
8.53333333333333	130.546926372389
8.5375	130.393371385739
8.54166666666667	129.985896960122
8.54583333333333	131.055160688032
8.55	132.223173660254
8.55416666666667	132.645845427517
8.55833333333333	132.146793395033
8.5625	131.906966190316
8.56666666666667	131.392168528201
8.57083333333333	130.376208148757
8.575	131.592341892187
8.57916666666667	131.256894669343
8.58333333333333	131.245122457316
8.5875	130.387112854045
8.59166666666667	130.377919556344
8.59583333333333	129.598440609174
8.6	129.792458805621
8.60416666666667	130.300948276693
8.60833333333333	130.193953350679
8.6125	130.761601480072
8.61666666666667	130.449414677464
8.62083333333333	130.567748992565
8.625	129.867689280118
8.62916666666667	130.229207472378
8.63333333333333	128.797119660023
8.6375	128.70076636118
8.64166666666667	129.049768492163
8.64583333333333	129.019949844409
8.65	129.151151129364
8.65416666666667	128.678787005545
8.65833333333333	128.728178215983
8.6625	128.908356734305
8.66666666666667	129.113112884046
8.67083333333333	128.873664786953
8.675	128.566398718525
8.67916666666667	129.004578442474
8.68333333333333	129.181398593896
8.6875	129.100589759975
8.69166666666667	129.472542901306
8.69583333333333	129.207754244238
8.7	128.684167927163
8.70416666666667	129.27582653812
8.70833333333333	128.892581199206
8.7125	130.20988806851
8.71666666666667	130.964985489221
8.72083333333333	130.53389932134
8.725	131.029524428434
8.72916666666667	130.720818195437
8.73333333333333	131.160921111776
8.7375	132.075326312972
8.74166666666667	132.387926964013
8.74583333333333	133.290710786409
8.75	132.521118055812
8.75416666666667	132.082505289093
8.75833333333333	132.734191859696
8.7625	132.965587062462
8.76666666666667	132.674289930905
8.77083333333333	132.87765926168
8.775	133.438371955703
8.77916666666667	131.943906261024
8.78333333333333	130.806570669396
8.7875	129.695258824383
8.79166666666667	129.75787049319
8.79583333333333	128.977875571003
8.8	128.231541778073
8.80416666666667	128.643846893968
8.80833333333333	127.723169808363
8.8125	128.949601297947
8.81666666666667	129.391943390063
8.82083333333333	131.426395771244
8.825	130.55778509686
8.82916666666667	130.883722385262
8.83333333333333	131.551533941238
8.8375	131.391081792106
8.84166666666667	132.615229426892
8.84583333333333	131.424601195267
8.85	132.053593743875
8.85416666666667	131.227649722975
8.85833333333333	130.637697854819
8.8625	129.801149468629
8.86666666666667	130.956997487562
8.87083333333333	130.382535643279
8.875	130.025998982602
8.87916666666667	131.178463136342
8.88333333333333	132.467362157634
8.8875	132.109795850317
8.89166666666667	130.875501971832
8.89583333333333	130.303908065267
8.9	129.131745846395
8.90416666666667	129.513651416154
8.90833333333333	128.124995316332
8.9125	129.500112374581
8.91666666666667	129.107319801182
8.92083333333333	127.968294363069
8.925	127.291702849847
8.92916666666667	126.745555391987
8.93333333333333	126.972585926341
8.9375	126.074553846477
8.94166666666667	127.858000445126
8.94583333333333	127.288172256715
8.95	128.259838172748
8.95416666666667	128.277556013966
8.95833333333333	127.738467298708
8.9625	126.990112113635
8.96666666666667	126.675838479806
8.97083333333333	126.950391761732
8.975	126.502986473281
8.97916666666667	126.108253873903
8.98333333333333	126.898086253667
8.9875	127.101128738735
8.99166666666667	126.739262872374
8.99583333333333	129.571020759028
9	130.235436729483
9.00416666666667	131.18458977445
9.00833333333333	131.10591172581
9.0125	131.439904807519
9.01666666666667	130.433981342341
9.02083333333333	130.891426856087
9.025	131.856450482063
9.02916666666667	132.690983837788
9.03333333333333	131.580707606104
9.0375	131.633697802164
9.04166666666667	132.583694635471
9.04583333333333	132.128381821825
9.05	132.114684151859
9.05416666666667	131.013512009092
9.05833333333333	132.416900681153
9.0625	131.992974320828
9.06666666666667	131.855071682886
9.07083333333333	132.528548528303
9.075	130.39381510873
9.07916666666667	129.121133434307
9.08333333333333	127.803149328855
9.0875	127.119133868346
9.09166666666667	127.024248248147
9.09583333333333	125.429096845259
9.1	126.250950627518
9.10416666666667	126.028905945402
9.10833333333333	126.017259170575
9.1125	127.596547965165
9.11666666666667	127.530358016334
9.12083333333333	126.633836815141
9.125	128.866826696679
9.12916666666667	129.908481639647
9.13333333333333	129.637233813772
9.1375	129.260607488666
9.14166666666667	128.934344966777
9.14583333333333	128.577620150126
9.15	130.294655372557
9.15416666666667	129.795591584571
9.15833333333333	130.133013249289
9.1625	130.459136665952
9.16666666666667	131.259671204781
9.17083333333333	132.830411658238
9.175	133.678617068776
9.17916666666667	133.483824690439
9.18333333333333	133.953788764464
9.1875	133.374721496248
9.19166666666667	133.332790043921
9.19583333333333	132.917451081373
9.2	132.388082071141
9.20416666666667	131.942606545984
9.20833333333333	132.562094845085
9.2125	132.94752173137
9.21666666666667	132.410160839298
9.22083333333333	132.934081648063
9.225	131.928346063084
9.22916666666667	131.477258679941
9.23333333333333	131.048313916782
9.2375	132.339148974287
9.24166666666667	132.641801449582
9.24583333333333	133.676833426598
9.25	132.786424897965
9.25416666666667	132.959395653848
9.25833333333333	132.437998900059
9.2625	132.697381947337
9.26666666666667	131.738722007323
9.27083333333333	131.423224752152
9.275	132.062289658274
9.27916666666667	131.468532387284
9.28333333333333	131.030819567973
9.2875	130.40893527232
9.29166666666667	130.294961993334
9.29583333333333	128.439818363748
9.3	128.519496659442
9.30416666666667	128.513053475242
9.30833333333333	127.248538543971
9.3125	127.279493626825
9.31666666666667	128.058654797291
9.32083333333333	126.36453187326
9.325	126.936588002764
9.32916666666667	128.25871128871
9.33333333333333	128.145020049921
9.3375	129.779835167104
9.34166666666667	131.756211905
9.34583333333333	131.165130116994
9.35	131.734164161129
9.35416666666667	132.33704706762
9.35833333333333	131.8994185298
9.3625	129.833042364084
9.36666666666667	129.719048271745
9.37083333333333	129.514981544504
9.375	129.820181413062
9.37916666666667	129.658726027819
9.38333333333333	129.42018225807
9.3875	129.752841109288
9.39166666666667	129.381430082075
9.39583333333333	128.964968780304
9.4	129.665285640012
9.40416666666667	128.649683761442
9.40833333333333	129.734075871044
9.4125	130.222423597528
9.41666666666667	130.410508254556
9.42083333333333	129.344530955505
9.425	129.939398637299
9.42916666666667	129.427748577557
9.43333333333333	129.836259156557
9.4375	130.391854665518
9.44166666666667	129.889171483558
9.44583333333333	129.633938464714
9.45	128.288440000715
9.45416666666667	128.354039067682
9.45833333333333	128.812298558134
9.4625	129.512445712029
9.46666666666667	129.762459933088
9.47083333333333	130.660979962246
9.475	131.128976660106
9.47916666666667	131.27302704827
9.48333333333333	131.967846964245
9.4875	130.381775229535
9.49166666666667	130.745489957348
9.49583333333333	130.790862448289
9.5	129.632568369301
9.50416666666667	129.51826938981
9.50833333333333	129.893410908176
9.5125	129.413356729812
9.51666666666667	129.010522089246
9.52083333333333	127.320886155387
9.525	126.099069320463
9.52916666666667	125.267365536689
9.53333333333333	124.281688277406
9.5375	123.344073887606
9.54166666666667	123.135405436843
9.54583333333333	121.654865112291
9.55	120.741622928479
9.55416666666667	119.085535017008
9.55833333333333	119.862686210371
9.5625	120.257986758763
9.56666666666667	120.245266228705
9.57083333333333	118.572358040403
9.575	116.847630020866
9.57916666666667	115.217930553793
9.58333333333333	114.254504235963
9.5875	113.79093063788
9.59166666666667	113.718792282099
9.59583333333333	113.372143305837
9.6	113.870588325175
9.60416666666667	114.773473271308
9.60833333333333	113.877257698672
9.6125	114.655283768998
9.61666666666667	114.142800801256
9.62083333333333	112.945621912897
9.625	113.093879291521
9.62916666666667	112.172187158538
9.63333333333333	111.964505467622
9.6375	111.164923557329
9.64166666666667	110.1956814778
9.64583333333333	110.176857167214
9.65	111.826651069363
9.65416666666667	112.559243807171
9.65833333333333	110.87750098223
9.6625	110.380468346785
9.66666666666667	110.768760385757
9.67083333333333	110.181119289157
9.675	108.480430762292
9.67916666666667	107.667497302073
9.68333333333333	106.798875157746
9.6875	106.640491590006
9.69166666666667	106.150345727136
9.69583333333333	104.40521894718
9.7	103.924754348788
9.70416666666667	101.019285744257
9.70833333333333	99.1183778911307
9.7125	98.1056366433511
9.71666666666667	98.3604802073463
9.72083333333333	98.1063694006402
9.725	98.19967739198
9.72916666666667	100.092221747138
9.73333333333333	99.9616803215494
9.7375	100.142196066465
9.74166666666667	100.606400460257
9.74583333333333	101.116501206432
9.75	101.087745163488
9.75416666666667	101.585709470268
9.75833333333333	101.676961146076
9.7625	103.759875636511
9.76666666666667	105.271636889698
9.77083333333333	106.054891350863
9.775	106.57350570381
9.77916666666667	108.238127243811
9.78333333333333	107.601829046985
9.7875	108.2589704944
9.79166666666667	109.210058877079
9.79583333333333	110.316993654414
9.8	111.617803796784
9.80416666666667	112.935544866124
9.80833333333333	114.477531492071
9.8125	115.776911672485
9.81666666666667	116.817466429263
9.82083333333333	117.704193488277
9.825	118.417731046582
9.82916666666667	120.682528556909
9.83333333333333	121.017439941467
9.8375	121.466767155719
9.84166666666667	122.651287379636
9.84583333333333	122.326261252982
9.85	123.584381308149
9.85416666666667	123.905183156508
9.85833333333333	124.592580102579
9.8625	124.346031741673
9.86666666666667	125.431520989416
9.87083333333333	126.4447631504
9.875	125.397565941932
9.87916666666667	125.448974220503
9.88333333333333	127.596423267143
9.8875	128.387930692392
9.89166666666667	128.886688976303
9.89583333333333	129.064230022782
9.9	129.072123923036
9.90416666666667	129.346698024909
9.90833333333333	130.272578112147
9.9125	130.037408128856
9.91666666666667	131.656601744717
9.92083333333333	131.61979579199
9.925	131.402606221148
9.92916666666667	132.18070657308
9.93333333333333	133.648585113932
9.9375	133.770188970533
9.94166666666667	134.430417135793
9.94583333333333	135.592403934041
9.95	135.295858992935
9.95416666666667	135.381264726442
9.95833333333333	135.372426377242
9.9625	136.352958107462
9.96666666666667	136.996051414649
9.97083333333333	136.103227057021
9.975	137.217905259492
9.97916666666667	136.547381421391
9.98333333333333	137.62085403312
9.9875	137.657741391112
9.99166666666667	136.853318518835
9.99583333333333	137.270046613618
10	136.189908184226
10.0041666666667	136.306594837069
10.0083333333333	137.416271282014
10.0125	136.506561356314
10.0166666666667	137.515413824235
10.0208333333333	138.196542430979
10.025	139.547436021988
10.0291666666667	139.192010851595
10.0333333333333	138.489979825997
10.0375	138.480911141863
10.0416666666667	137.300786968737
10.0458333333333	137.955674638188
10.05	137.781816600937
10.0541666666667	137.408700593537
10.0583333333333	137.971308327215
10.0625	137.210877443072
10.0666666666667	136.111712227529
10.0708333333333	137.041368754973
10.075	138.008266022993
10.0791666666667	138.263673916568
10.0833333333333	138.439503018507
10.0875	138.544646814394
10.0916666666667	140.544852260552
10.0958333333333	139.170297485396
10.1	138.235734894646
10.1041666666667	137.625196411844
10.1083333333333	137.94581325307
10.1125	139.280331858034
10.1166666666667	137.589176692506
10.1208333333333	137.748111346084
10.125	136.544973474715
10.1291666666667	136.119412380599
10.1333333333333	135.020862050083
10.1375	134.962686513352
10.1416666666667	132.985400897068
10.1458333333333	134.009683913885
10.15	133.237534473211
10.1541666666667	133.467239302804
10.1583333333333	133.082664869487
10.1625	133.490199915154
10.1666666666667	134.754261227321
10.1708333333333	134.913726652248
10.175	134.920402433062
10.1791666666667	134.821771280056
10.1833333333333	134.901234315418
10.1875	134.340083179732
10.1916666666667	134.742978264987
10.1958333333333	135.098547359451
10.2	134.54697951825
10.2041666666667	134.985483441867
10.2083333333333	135.344574255548
10.2125	135.900980309324
10.2166666666667	135.929859579985
10.2208333333333	135.456348959858
10.225	134.919174814037
10.2291666666667	135.050425302163
10.2333333333333	135.601674134744
10.2375	136.341670383246
10.2416666666667	136.722869878157
10.2458333333333	137.014305090587
10.25	136.669128257365
10.2541666666667	137.079457323099
10.2583333333333	136.588247832455
10.2625	136.171693868604
10.2666666666667	136.400311774654
10.2708333333333	135.063914394609
10.275	135.014845871198
10.2791666666667	135.51354154773
10.2833333333333	135.172194260867
10.2875	136.515264424342
10.2916666666667	137.101998017957
10.2958333333333	136.792173198514
10.3	136.589195248586
10.3041666666667	136.631329280608
10.3083333333333	134.955761290214
10.3125	134.639724244124
10.3166666666667	136.515972859524
10.3208333333333	135.598544667288
10.325	135.459338628073
10.3291666666667	134.540125846932
10.3333333333333	133.34257032291
10.3375	132.884702086559
10.3416666666667	132.67360166188
10.3458333333333	132.772325253905
10.35	132.902349268729
10.3541666666667	133.043598072734
10.3583333333333	134.530834599598
10.3625	134.429505719928
10.3666666666667	134.827092814228
10.3708333333333	134.572420807528
10.375	136.947307544878
10.3791666666667	135.671452443023
10.3833333333333	134.953806225762
10.3875	135.359189717008
10.3916666666667	133.284160791924
10.3958333333333	133.019787363909
10.4	132.945345783261
10.4041666666667	133.350715462397
10.4083333333333	133.879526534959
10.4125	133.304374215523
10.4166666666667	132.472557481544
10.4208333333333	133.239790102933
10.425	133.826867488469
10.4291666666667	132.788578044743
10.4333333333333	133.689569330139
10.4375	134.434193573299
10.4416666666667	134.490151079496
10.4458333333333	134.473284898362
10.45	134.755857649023
10.4541666666667	136.062137136831
10.4583333333333	136.751655837791
10.4625	137.229657023594
10.4666666666667	136.009632509569
10.4708333333333	136.233883284023
10.475	135.281524914759
10.4791666666667	135.154186891104
10.4833333333333	134.725023104298
10.4875	133.682663460604
10.4916666666667	132.908248264582
10.4958333333333	131.85190808261
10.5	131.589998136643
10.5041666666667	131.287922050151
10.5083333333333	130.960779885512
10.5125	130.769882436455
10.5166666666667	131.424173029408
10.5208333333333	131.690084957063
10.525	130.765929641624
10.5291666666667	130.658230646536
10.5333333333333	129.946940898571
10.5375	130.134724149177
10.5416666666667	130.016071753705
10.5458333333333	129.50816448189
10.55	130.541889604616
10.5541666666667	131.175137843386
10.5583333333333	132.003596502341
10.5625	133.035499773408
10.5666666666667	133.983370470938
10.5708333333333	132.83712401718
10.575	132.451566945315
10.5791666666667	132.73758459212
10.5833333333333	132.171186366195
10.5875	132.843042409602
10.5916666666667	132.165901222556
10.5958333333333	132.026270321438
10.6	133.243021909991
10.6041666666667	131.517050827111
10.6083333333333	133.411494403999
10.6125	132.522257988305
10.6166666666667	132.212125213597
10.6208333333333	131.419539056075
10.625	131.273004519331
10.6291666666667	132.531851236665
10.6333333333333	131.987207405988
10.6375	130.990081138923
10.6416666666667	131.73069644635
10.6458333333333	131.161060773031
10.65	131.547647428832
10.6541666666667	131.393350644493
10.6583333333333	130.238450156705
10.6625	130.49497234052
10.6666666666667	129.403609100859
10.6708333333333	128.954843608232
10.675	128.136388302993
10.6791666666667	128.788670702258
10.6833333333333	128.631599542628
10.6875	129.62513215385
10.6916666666667	129.247527457453
10.6958333333333	130.905742762078
10.7	132.019939863904
10.7041666666667	131.462282364839
10.7083333333333	131.236772306122
10.7125	129.395687687534
10.7166666666667	130.470536429445
10.7208333333333	130.530764104894
10.725	130.936268287324
10.7291666666667	132.115865883557
10.7333333333333	132.383889205045
10.7375	132.430264591806
10.7416666666667	131.835437131645
10.7458333333333	130.92746323682
10.75	130.788379329099
10.7541666666667	129.852633713296
10.7583333333333	130.290705812901
10.7625	131.133094117
10.7666666666667	131.432822467545
10.7708333333333	130.705773103259
10.775	131.21585002726
10.7791666666667	131.120459783417
10.7833333333333	131.372198627783
10.7875	130.95281001424
10.7916666666667	129.816893371493
10.7958333333333	130.004196563994
10.8	129.331001583113
10.8041666666667	130.024206841201
10.8083333333333	130.733966911855
10.8125	131.092766894767
10.8166666666667	130.727324431308
10.8208333333333	129.754775213559
10.825	130.462165254712
10.8291666666667	130.263666158672
10.8333333333333	130.447361513808
10.8375	132.215466722202
10.8416666666667	132.529039485949
10.8458333333333	132.983996228037
10.85	133.320498422242
10.8541666666667	133.120184510824
10.8583333333333	132.652521763793
10.8625	133.730756259443
10.8666666666667	133.01692815629
10.8708333333333	133.609071758295
10.875	132.399496865151
10.8791666666667	133.372457297567
10.8833333333333	134.682786384608
10.8875	135.094010796132
10.8916666666667	134.871484086602
10.8958333333333	134.623090690072
10.9	135.174953941627
10.9041666666667	133.999072819417
10.9083333333333	133.248492567194
10.9125	134.774246220038
10.9166666666667	134.69069981809
10.9208333333333	132.797194635787
10.925	132.629774421378
10.9291666666667	130.974776618457
10.9333333333333	129.842339984278
10.9375	129.110816630692
10.9416666666667	129.007790013166
10.9458333333333	129.823466302656
10.95	129.214445479309
10.9541666666667	127.986255577106
10.9583333333333	129.290219077301
10.9625	128.830385185458
10.9666666666667	128.998229480604
10.9708333333333	129.331373146626
10.975	130.34912634238
10.9791666666667	130.303841585384
10.9833333333333	132.003360348296
10.9875	131.919550336857
10.9916666666667	132.975160545788
10.9958333333333	133.306073877372
11	132.441188120475
11.0041666666667	133.630766550422
11.0083333333333	134.872002043535
11.0125	134.451184035249
11.0166666666667	134.191155537359
11.0208333333333	134.299890693211
11.025	134.704233199024
11.0291666666667	134.513351039869
11.0333333333333	134.455083673199
11.0375	134.112989891861
11.0416666666667	133.317777044775
11.0458333333333	132.834519479487
11.05	132.911175651982
11.0541666666667	133.886510042407
11.0583333333333	133.254680197172
11.0625	133.739894771929
11.0666666666667	134.060932192578
11.0708333333333	133.343367860133
11.075	133.666196472341
11.0791666666667	132.65843047371
11.0833333333333	132.941048934982
11.0875	132.171504906434
11.0916666666667	129.858232611857
11.0958333333333	129.637444794822
11.1	129.943377460271
11.1041666666667	130.57288715335
11.1083333333333	129.142774187552
11.1125	128.511032424247
11.1166666666667	129.707644463588
11.1208333333333	132.07968939746
11.125	132.779388661331
11.1291666666667	132.603235104558
11.1333333333333	131.359198849852
11.1375	131.291014408076
11.1416666666667	130.347460339497
11.1458333333333	129.474038834462
11.15	129.433318359533
11.1541666666667	129.746106545126
11.1583333333333	130.995270786375
11.1625	130.044056703328
11.1666666666667	131.101234322165
11.1708333333333	130.555515784471
11.175	130.854593345753
11.1791666666667	130.276801351394
11.1833333333333	130.244057304194
11.1875	130.276412823759
11.1916666666667	130.735284661824
11.1958333333333	129.162273627858
11.2	129.840278204244
11.2041666666667	129.243564146476
11.2083333333333	128.55195227843
11.2125	127.137580030341
11.2166666666667	127.115608547963
11.2208333333333	127.445518019523
11.225	128.167418026755
11.2291666666667	128.5959846411
11.2333333333333	130.010178936065
11.2375	130.608191452909
11.2416666666667	131.817929495632
11.2458333333333	131.24974843527
11.25	131.662958721365
11.2541666666667	132.08845627296
11.2583333333333	132.00258539804
11.2625	131.589316637877
11.2666666666667	131.006496730303
11.2708333333333	130.756547978487
11.275	131.109741809528
11.2791666666667	131.701710172843
11.2833333333333	133.549866182854
11.2875	133.750286931908
11.2916666666667	133.075278735713
11.2958333333333	133.843400087569
11.3	134.488294423257
11.3041666666667	134.488396733477
11.3083333333333	135.088534160436
11.3125	134.591721128958
11.3166666666667	135.507431179205
11.3208333333333	134.25558456319
11.325	133.481257372002
11.3291666666667	132.851318870277
11.3333333333333	132.993154402305
11.3375	132.765779020392
11.3416666666667	133.850246728639
11.3458333333333	131.935174308861
11.35	131.72689757433
11.3541666666667	132.342675665909
11.3583333333333	132.083504643858
11.3625	131.437970854657
11.3666666666667	132.429981728692
11.3708333333333	131.099678956463
11.375	131.22600376034
11.3791666666667	129.798921922352
11.3833333333333	129.862444006099
11.3875	128.118944316302
11.3916666666667	129.082279039777
11.3958333333333	127.731631887118
11.4	129.112125105397
11.4041666666667	127.133348992662
11.4083333333333	128.574330082775
11.4125	130.031966904328
11.4166666666667	130.210691175947
11.4208333333333	128.998762030392
11.425	129.294329255588
11.4291666666667	130.525669750629
11.4333333333333	131.734851948767
11.4375	131.555648258875
11.4416666666667	130.553879873722
11.4458333333333	132.056262214091
11.45	132.731462630366
11.4541666666667	131.110804361448
11.4583333333333	131.346089411399
11.4625	132.246112226803
11.4666666666667	132.709838082561
11.4708333333333	133.165495154549
11.475	132.610189867616
11.4791666666667	134.925473594538
11.4833333333333	134.861134302747
11.4875	134.823836570808
11.4916666666667	132.896092419835
11.4958333333333	132.907397769159
11.5	131.694478337993
11.5041666666667	130.888484934693
11.5083333333333	129.943590301226
11.5125	129.837329825174
11.5166666666667	129.085121946909
11.5208333333333	129.423008852068
11.525	129.142903420143
11.5291666666667	130.424599528991
11.5333333333333	129.584985759295
11.5375	130.50310305325
11.5416666666667	131.264638443703
11.5458333333333	131.532472953401
11.55	132.666205537632
11.5541666666667	132.821595005606
11.5583333333333	132.191557152225
11.5625	131.904135489943