-0.9926	135.135135135135
-0.9852	135.135135135135
-0.9778	135.135135135135
-0.9704	135.135135135135
-0.963	135.135135135135
-0.9556	135.135135135135
-0.9482	135.135135135135
-0.9408	135.135135135135
-0.9334	135.135135135135
-0.926	135.135135135135
-0.9186	135.135135135135
-0.9112	135.135135135135
-0.9038	135.135135135135
-0.8964	135.135135135135
-0.889	135.135135135135
-0.8816	135.135135135135
-0.8742	135.135135135135
-0.8668	135.135135135135
-0.8594	135.135135135135
-0.852	135.135135135135
-0.8446	135.135135135135
-0.8372	135.135135135135
-0.8298	135.135135135135
-0.8224	135.135135135135
-0.815	135.135135135135
-0.8076	135.135135135135
-0.8002	135.135135135135
-0.7928	135.135135135135
-0.7854	135.135135135135
-0.778	135.135135135135
-0.7706	135.135135135135
-0.7632	135.135135135135
-0.7558	135.135135135135
-0.7484	135.135135135135
-0.741	135.135135135135
-0.7336	135.135135135135
-0.7262	135.135135135135
-0.7188	135.135135135135
-0.7114	135.135135135135
-0.704	135.135135135135
-0.6966	135.135135135135
-0.6892	135.135135135135
-0.6818	135.135135135135
-0.6744	135.135135135135
-0.667	135.135135135135
-0.6596	135.135135135135
-0.6522	135.135135135135
-0.6448	135.135135135135
-0.6374	135.135135135135
-0.63	135.135135135135
-0.6236	156.25
-0.6172	156.25
-0.6108	156.25
-0.6044	156.25
-0.598	156.25
-0.591366666666667	150.55662493109
-0.584533333333333	146.3849332666
-0.577533333333333	143.329491958488
-0.570466666666667	141.080598298862
-0.5633	139.433002233693
-0.556066666666667	138.209120466333
-0.548766666666667	137.294583695402
-0.541466666666667	136.603186615355
-0.5341	136.07490035961
-0.526733333333333	135.660313622803
-0.519333333333333	135.329992151928
-0.511933333333333	135.058610375845
-0.504533333333333	134.829891086599
-0.4971	134.631003960653
-0.489666666666667	134.435462955682
-0.4822	134.262121655982
-0.474733333333333	134.105946678758
-0.4673	133.963689057601
-0.4598	133.832153346507
-0.452333333333333	133.709921045487
-0.444833333333333	133.596796743445
-0.437366666666667	133.49171181297
-0.429866666666667	133.392653626839
-0.422366666666667	133.300346321553
-0.414866666666667	133.214348890854
-0.407333333333333	133.134719607548
-0.399833333333333	133.061185123318
-0.3923	132.99346524191
-0.384766666666667	132.93163471153
-0.377266666666667	132.875163791374
-0.369733333333333	132.823371394899
-0.3622	132.775963342882
-0.354666666666667	132.733525081459
-0.347133333333333	132.69574829665
-0.3396	132.661599054622
-0.332033333333333	132.631371301642
-0.3245	132.6057461833
-0.316966666666667	132.58351758454
-0.309433333333333	132.564171430599
-0.301866666666667	132.547534551025
-0.294333333333333	132.534987562924
-0.2868	132.524683209681
-0.279233333333333	132.51613580574
-0.2717	132.510211434492
-0.264133333333333	132.50642355531
-0.2566	132.504835046692
-0.249066666666667	132.504202324644
-0.2415	132.505029954178
-0.233966666666667	132.507678348027
-0.2264	132.511543043908
-0.218866666666667	132.516831230097
-0.211333333333333	132.52245193514
-0.203766666666667	132.528845775939
-0.196233333333333	132.536465730007
-0.1887	132.544873880683
-0.181133333333333	132.553362858578
-0.1736	132.562763716199
-0.166066666666667	132.572751650972
-0.1585	132.582649006982
-0.150966666666667	132.593303498615
-0.143433333333333	132.604390743993
-0.1359	132.615249510046
-0.128333333333333	132.625741232624
-0.1208	132.637627006756
-0.113266666666667	132.649406920389
-0.105733333333333	132.660620677056
-0.0982000000000001	132.671395059912
-0.0906666666666666	132.682525522043
-0.0831333333333333	132.693595897808
-0.0756	132.704375446169
-0.0680666666666667	132.714889843689
-0.0605333333333333	132.725193089442
-0.053	132.735332200386
-0.0454666666666667	132.745343531242
-0.0379333333333334	132.755254175716
-0.0304	132.765083689958
-0.0228666666666667	132.774845460478
-0.0153333333333334	132.784548148269
-0.00780000000000006	132.794196850642
-0.000266666666666637	132.803793971142
0.00726666666666667	132.813339771954
0.0148	132.82283289626
0.0223333333333334	132.83227082162
0.0298666666666667	132.841650212349
0.0373666666666666	132.850967194555
0.0449	132.859232333251
0.0524333333333333	132.867627039222
0.0599666666666666	132.876218398039
0.0674666666666667	132.884913724328
0.075	132.892015055168
0.0825333333333333	132.899320591239
0.0900666666666666	132.907011658927
0.0975666666666666	132.914967523155
0.1051	132.921457716127
0.112633333333333	132.928247466002
0.120133333333333	132.935497399974
0.127666666666667	132.942087634579
0.1352	132.948427285758
0.1427	132.955175941152
0.150233333333333	132.961338354195
0.157766666666667	132.967315541939
0.165266666666667	132.973755134146
0.1728	132.979650046626
0.1803	132.985389374083
0.187833333333333	132.99063743316
0.195366666666667	132.996524203043
0.202866666666667	133.002348573501
0.2104	133.00760054656
0.2179	133.012783175464
0.225433333333333	133.017556176533
0.232933333333333	133.023029495924
0.240466666666667	133.027514486839
0.247966666666667	133.032625612636
0.2555	133.036805343647
0.263	133.041665417906
0.270533333333333	133.045639958319
0.278033333333333	133.050750988199
0.285566666666667	133.055452469832
0.293066666666667	133.061255625062
0.3006	133.066462114876
0.3081	133.072576198197
0.315633333333333	133.077927504903
0.323133333333333	133.084058892465
0.330633333333333	133.089334182842
0.338166666666667	133.094345422333
0.345666666666667	133.099623512545
0.3532	133.104694579513
0.3607	133.109928276312
0.3682	133.114236301374
0.375733333333333	133.118351661649
0.383233333333333	133.122811286277
0.390733333333333	133.127142242791
0.398266666666667	133.130727192638
0.405766666666667	133.13460466017
0.413266666666667	133.138433118243
0.4208	133.141590608884
0.4283	133.145102901744
0.4358	133.148619909943
0.443333333333333	133.151508504683
0.450833333333333	133.154785758521
0.458333333333333	133.158096657412
0.465866666666667	133.160801697017
0.473366666666667	133.163913233806
0.480866666666667	133.167073986826
0.488366666666667	133.169640739745
0.4959	133.171654249227
0.5034	133.174872503418
0.5109	133.177596666047
0.5184	133.179684373875
0.525933333333333	133.181299479419
0.533433333333333	133.184194129178
0.540933333333333	133.18665779177
0.548433333333333	133.188533799929
0.555966666666667	133.189975493934
0.563466666666667	133.192726219371
0.570966666666667	133.195069491751
0.578466666666667	133.196842578378
0.586	133.198194572691
0.5935	133.200865383076
0.601	133.20313620362
0.6085	133.204841762059
0.616	133.206129465717
0.623533333333333	133.207769571973
0.631033333333333	133.210154549847
0.638533333333333	133.212072019617
0.646033333333333	133.213483237062
0.653566666666667	133.214534561627
0.661066666666667	133.216953232457
0.668566666666667	133.219010846013
0.676066666666667	133.220531914294
0.683566666666667	133.221656555541
0.691066666666667	133.223149162324
0.6986	133.224430081613
0.7061	133.226392565765
0.7136	133.227953105659
0.7211	133.229068428799
0.7286	133.229872823589
0.736133333333333	133.23111476749
0.743633333333333	133.233166698596
0.751133333333333	133.234802831367
0.758633333333333	133.235970290208
0.766133333333333	133.236805429102
0.773633333333333	133.238060166935
0.781166666666667	133.239143233875
0.788666666666667	133.240938028142
0.796166666666667	133.242354291594
0.803666666666667	133.243341764626
0.811166666666667	133.244030008122
0.818666666666667	133.24516392244
0.826166666666667	133.246146327021
0.8337	133.246889775737
0.8412	133.248404067985
0.8487	133.249599628311
0.8562	133.250414263356
0.8637	133.250967435744
0.8712	133.251995693758
0.8787	133.252894878909
0.886233333333333	133.253571960995
0.893733333333333	133.255032414087
0.901233333333333	133.256183639332
0.908733333333333	133.256960595001
0.916233333333333	133.257480595303
0.923733333333333	133.258478547431
0.931233333333333	133.259348997634
0.938733333333333	133.259997933024
0.946266666666667	133.26046496892
0.953766666666667	133.261758076912
0.961266666666667	133.262778397314
0.968766666666667	133.263452442319
0.976266666666667	133.263891135586
0.983766666666667	133.264824200594
0.991266666666667	133.265641952752
0.998766666666667	133.266247199295
1.0063	133.266677104928
1.0138	133.267937737139
1.0213	133.268928793097
1.0288	133.269575373496
1.0363	133.269987438262
1.0438	133.270893996354
1.0513	133.271684811665
1.0588	133.272262282936
1.0663	133.272663285356
1.0738	133.272929023478
1.08133333333333	133.273094191325
1.08883333333333	133.27415068201
1.09633333333333	133.27498687231
1.10383333333333	133.275516308504
1.11133333333333	133.27584022181
1.11883333333333	133.27668076948
1.12633333333333	133.277422422769
1.13383333333333	133.277963468551
1.14133333333333	133.278337435277
1.14883333333333	133.278582767239
1.15636666666667	133.278731987736
1.16386666666667	133.279775345035
1.17136666666667	133.280599904811
1.17886666666667	133.2811180784
1.18636666666667	133.281430271488
1.19386666666667	133.282258032686
1.20136666666667	133.282985374521
1.20886666666667	133.283510246487
1.21636666666667	133.283865939243
1.22386666666667	133.284090734269
1.23136666666667	133.284217051447
1.23886666666667	133.284270950229
1.2464	133.284273123244
1.2539	133.285203653438
1.2614	133.285942293045
1.2689	133.286394525154
1.2764	133.286655849021
1.2839	133.287444027621
1.2914	133.288139973315
1.2989	133.288639092754
1.3064	133.288972690645
1.3139	133.289177504394
1.3214	133.289284756503
1.3289	133.289319586554
1.3364	133.289301990921
1.34393333333333	133.289247695317
1.35143333333333	133.290132687293
1.35893333333333	133.290834014061
1.36643333333333	133.291254595341
1.37393333333333	133.291488110237
1.38143333333333	133.292250820723
1.38893333333333	133.292922479631
1.39643333333333	133.293397621681
1.40393333333333	133.2937068947
1.41143333333333	133.293886547113
1.41893333333333	133.293967446143
1.42643333333333	133.293974482711
1.43393333333333	133.293927489093
1.44143333333333	133.293842093405
1.44893333333333	133.293730478266
1.45646666666667	133.293602219546
1.46396666666667	133.294428474554
1.47146666666667	133.29508308938
1.47896666666667	133.29546571204
1.48646666666667	133.295667532638
1.49396666666667	133.296402890682
1.50146666666667	133.297050037734
1.50896666666667	133.297502352029
1.51646666666667	133.297789585591
1.52396666666667	133.297947300315
1.53146666666667	133.298005845149
1.53896666666667	133.297989727288
1.54646666666667	133.297918502542
1.55396666666667	133.297807607716
1.56146666666667	133.297669101549
1.56896666666667	133.2975124888
1.5765	133.297345281261
1.584	133.298136949737
1.5915	133.298760258854
1.599	133.299113593671
1.6065	133.299287285727
1.614	133.29999503348
1.6215	133.300614610108
1.629	133.301039044158
1.6365	133.301297828926
1.644	133.301426341069
1.6515	133.301454803127
1.659	133.301407642367
1.6665	133.301304371188
1.674	133.301160411649
1.6815	133.300987829868
1.689	133.300796154779
1.6965	133.300592934711
1.704	133.300384156398
1.71153333333333	133.300174444082
1.71903333333333	133.300930757341
1.72653333333333	133.30152427871
1.73403333333333	133.301851699101
1.74153333333333	133.302002130402
1.74903333333333	133.302688333766
1.75653333333333	133.303287363352
1.76403333333333	133.303691707269
1.77153333333333	133.303930441971
1.77903333333333	133.304038629694
1.78653333333333	133.304046261031
1.79403333333333	133.303977596773
1.80153333333333	133.303852034683
1.80903333333333	133.303684922902
1.81653333333333	133.303488285999
1.82403333333333	133.303271636563
1.83153333333333	133.303042525942
1.83903333333333	133.302806958608
1.84653333333333	133.302569587522
1.85406666666667	133.302333985979
1.86156666666667	133.303066205071
1.86906666666667	133.303637041043
1.87656666666667	133.303942536627
1.88406666666667	133.304071375961
1.89156666666667	133.304736008719
1.89906666666667	133.305313275249
1.90656666666667	133.305695520685
1.91406666666667	133.30591171527
1.92156666666667	133.305996848513
1.92906666666667	133.305980865468
1.93656666666667	133.305888002963
1.94406666666667	133.305737651491
1.95156666666667	133.305545164893
1.95906666666667	133.305322583409
1.96656666666667	133.30507944267
1.97406666666667	133.304823322641
1.98156666666667	133.304560260248
1.98906666666667	133.304294943607
1.99656666666667	133.304030982743
2.00406666666667	133.303771132016
2.0116	133.303517461804
2.0191	133.304234757339
2.0266	133.304793072501
2.0341	133.305087598166
2.0416	133.305206390678
2.0491	133.305861428134
2.0566	133.306429206996
2.0641	133.306801830586
2.0716	133.307008081256
2.0791	133.307082810289
2.0866	133.30705586494
2.0941	133.306951416093
2.1016	133.306788813573
2.1091	133.306583390324
2.1166	133.306347181444
2.1241	133.306089729482
2.1316	133.305818630238
2.1391	133.305539943305
2.1466	133.305258384455
2.1541	133.304977595099
2.1616	133.304700363552
2.1691	133.304428795775
2.17663333333333	133.304164451702
2.18413333333333	133.304871646082
2.19163333333333	133.305420305307
2.19913333333333	133.305705299572
2.20663333333333	133.305814461099
2.21413333333333	133.306459612125
2.22163333333333	133.30701715786
2.22913333333333	133.307379156745
2.23663333333333	133.307574354927
2.24413333333333	133.307637581674
2.25163333333333	133.307598674447
2.25913333333333	133.307481803961
2.26663333333333	133.307306327344
2.27413333333333	133.307087590559
2.28163333333333	133.306837646238
2.28913333333333	133.306566057667
2.29663333333333	133.306280443589
2.30413333333333	133.305986888006
2.31163333333333	133.305690132018
2.31913333333333	133.305393842835
2.32663333333333	133.305100834686
2.33413333333333	133.304813239065
2.34166666666667	133.304532640812
2.34916666666667	133.305223274339
2.35666666666667	133.305755329358
2.36416666666667	133.306023591009
2.37166666666667	133.306115872194
2.37916666666667	133.306743991999
2.38666666666667	133.307284383196
2.39416666666667	133.307629144927
2.40166666666667	133.307807049222
2.40916666666667	133.307852946635
2.41666666666667	133.307796693225
2.42416666666667	133.307662476297
2.43166666666667	133.307469668026
2.43916666666667	133.30723362831
2.44666666666667	133.306966422721
2.45416666666667	133.306677626407
2.46166666666667	133.306374869039
2.46916666666667	133.30606424478
2.47666666666667	133.305750504386
2.48416666666667	133.305437324006
2.49166666666667	133.305127526064
2.49916666666667	133.304823249631
2.5067	133.304526086633
2.5142	133.30520016857
2.5217	133.305715932132
2.5292	133.305968063837
2.5367	133.306044343111
2.5442	133.306656570078
2.5517	133.307181188766
2.5592	133.307510322939
2.5667	133.307672754701
2.5742	133.307703340829
2.5817	133.307631941791
2.5892	133.307482748214
2.5967	133.307275134563
2.6042	133.307024462159
2.6117	133.306742797585
2.6192	133.306439716676
2.6267	133.306122849652
2.6342	133.305798290843
2.6417	133.30547079081
2.6492	133.305144025281
2.6567	133.304820816176
2.6642	133.304503302154
2.67173333333333	133.304193074785
2.67923333333333	133.304854165694
2.68673333333333	133.305357222345
2.69423333333333	133.305596845798
2.70173333333333	133.305660779015
2.70923333333333	133.306260799068
2.71673333333333	133.306773354465
2.72423333333333	133.307090587711
2.73173333333333	133.307241285686
2.73923333333333	133.307260306543
2.74673333333333	133.307177510623
2.75423333333333	133.307017087463
2.76173333333333	133.306798409761
2.76923333333333	133.306536836618
2.77673333333333	133.306244432255
2.78423333333333	133.305930769995
2.79173333333333	133.305603477434
2.79923333333333	133.305268646187
2.80673333333333	133.304931024086
2.81423333333333	133.304594284144
2.82173333333333	133.304261245617
2.82926666666667	133.303934044575
2.83676666666667	133.304577028403
2.84426666666667	133.305061435215
2.85176666666667	133.305282034727
2.85926666666667	133.305326753135
2.86676666666667	133.305907513627
2.87426666666667	133.306400901399
2.88176666666667	133.306699175883
2.88926666666667	133.306831204385
2.89676666666667	133.306831903503
2.90426666666667	133.306731175624
2.91176666666667	133.306553239185
2.91926666666667	133.306317485667
2.92676666666667	133.306039284929
2.93426666666667	133.305730706054
2.94176666666667	133.305401322597
2.94926666666667	133.305058758408
2.95676666666667	133.304709098491
2.96426666666667	133.304357081791
2.97176666666667	133.304006370972
2.97926666666667	133.303659773913
2.9868	133.303319414204
2.9943	133.303949527597
3.0018	133.3044215378
3.0093	133.304630123473
3.0168	133.304663168331
3.0243	133.305232563238
3.0318	133.305714883184
3.0393	133.306002390966
3.0468	133.306123945759
3.0543	133.306114454376
3.0618	133.306003809525
3.0693	133.305816221087
3.0768	133.305571073572
3.0843	133.30528373196
3.0918	133.30496626284
3.0993	133.304628239699
3.1068	133.304277289099
3.1143	133.303919501611
3.1218	133.303559624656
3.1293	133.303201332042
3.1368	133.302847445131
3.14433333333333	133.302500103495
3.15183333333333	133.303123486316
3.15933333333333	133.303589184391
3.16683333333333	133.303791852843
3.17433333333333	133.303819374677
3.18183333333333	133.304383651917
3.18933333333333	133.304861291336
3.19683333333333	133.305144603856
3.20433333333333	133.305262486549
3.21183333333333	133.305249882151
3.21933333333333	133.305136718193
3.22683333333333	133.304947238871
3.23433333333333	133.30470086224
3.24183333333333	133.30441298606
3.24933333333333	133.304095708247
3.25683333333333	133.303758631364
3.26433333333333	133.303409409412
3.27183333333333	133.303054158461
3.27933333333333	133.302697649822
3.28683333333333	133.302343578899
3.29436666666667	133.301994785909
3.30186666666667	133.30261596566
3.30936666666667	133.30307925334
3.31686666666667	133.303279634944
3.32436666666667	133.303305252979
3.33186666666667	133.303868211481
3.33936666666667	133.304345297509
3.34686666666667	133.304628967281
3.35436666666667	133.304748220602
3.36186666666667	133.304738073795
3.36936666666667	133.304628504703
3.37686666666667	133.304443789213
3.38436666666667	133.304203361727
3.39186666666667	133.303922623803
3.39936666666667	133.303613666628
3.40686666666667	133.303286076908
3.41436666666667	133.302947485105
3.42186666666667	133.302603977121
3.42936666666667	133.302260288393
3.43686666666667	133.301920073431
3.4444	133.301586127039
3.4519	133.302223133496
3.4594	133.302703107546
3.4669	133.302921027077
3.4744	133.302964949948
3.4819	133.303546894926
3.4894	133.304043595471
3.4969	133.304347451774
3.5044	133.304487396612
3.5119	133.304498375456
3.5194	133.304410293061
3.5269	133.304247349737
3.5344	133.304028902262
3.5419	133.303770272538
3.5494	133.303483471045
3.5569	133.303178003327
3.5644	133.302861417445
3.5719	133.302539716045
3.5794	133.302217550424
3.5869	133.30189849118
3.59443333333333	133.301585250514
3.60193333333333	133.302242494536
3.60943333333333	133.302742049588
3.61693333333333	133.302978879848
3.62443333333333	133.303040942813
3.63193333333333	133.303640164933
3.63943333333333	133.304153228619
3.64693333333333	133.304472485774
3.65443333333333	133.304626819652
3.66193333333333	133.304651130982
3.66943333333333	133.304575286077
3.67693333333333	133.30442345341
3.68443333333333	133.304214965017
3.69193333333333	133.30396512512
3.69943333333333	133.303685933989
3.70693333333333	133.303386894469
3.71443333333333	133.303075559463
3.72193333333333	133.302757943947
3.72943333333333	133.302438718667
3.73693333333333	133.302121480392
3.74446666666667	133.301808973622
3.75196666666667	133.302465882067
3.75946666666667	133.302964137741
3.76696666666667	133.303198726429
3.77446666666667	133.30325763084
3.78196666666667	133.303852812163
3.78946666666667	133.304361015928
3.79696666666667	133.304674659448
3.80446666666667	133.304822684941
3.81196666666667	133.304840049891
3.81946666666667	133.304756675569
3.82696666666667	133.304596783494
3.83446666666667	133.304379756708
3.84196666666667	133.304120948271
3.84946666666667	133.303832405145
3.85696666666667	133.303523674555
3.86446666666667	133.303202351379
3.87196666666667	133.302874490137
3.87946666666667	133.30254479871
3.88696666666667	133.302216908631
3.8945	133.301893596821
3.902	133.302539511357
3.9095	133.303026763059
3.917	133.303250294124
3.9245	133.303298087517
3.932	133.303882111236
3.9395	133.304379136607
3.947	133.304681610119
3.9545	133.304818494484
3.962	133.304824764289
3.9695	133.304730355542
3.977	133.304559502527
3.9845	133.304331599364
3.992	133.304062008739
3.9995	133.303762786074
4.007	133.303443485956
4.0145	133.303111709617
4.022	133.302773517029
4.0295	133.302433620738
4.037	133.302095656235
4.04453333333333	133.301762403775
4.05203333333333	133.302398449335
4.05953333333333	133.302876048325
4.06703333333333	133.303090082996
4.07453333333333	133.303128515694
4.08203333333333	133.303703301655
4.08953333333333	133.304191217023
4.09703333333333	133.304484719721
4.10453333333333	133.304612776187
4.11203333333333	133.304610362661
4.11953333333333	133.304507415749
4.12703333333333	133.304328169583
4.13453333333333	133.304092017588
4.14203333333333	133.303814321554
4.14953333333333	133.303507136035
4.15703333333333	133.303180014637
4.16453333333333	133.302840557404
4.17203333333333	133.302494822783
4.17953333333333	133.302147521752
4.18706666666667	133.301802288274
4.19456666666667	133.302424308531
4.20206666666667	133.302886557353
4.20956666666667	133.303084273947
4.21706666666667	133.30310574688
4.22456666666667	133.303663189944
4.23206666666667	133.304133600314
4.23956666666667	133.304409612704
4.24706666666667	133.304520325869
4.25456666666667	133.304500816397
4.26206666666667	133.304381096412
4.26956666666667	133.304185455665
4.27706666666667	133.303933327353
4.28456666666667	133.303640100373
4.29206666666667	133.303317846512
4.29956666666667	133.302976129047
4.30706666666667	133.302622551633
4.31456666666667	133.302263171723
4.32206666666667	133.301902695626
4.32956666666667	133.301544749858
4.3371	133.301192103795
4.3446	133.301809201415
4.3521	133.302268556074
4.3596	133.302464922501
4.3671	133.302486209878
4.3746	133.303044333744
4.3821	133.303516061521
4.3896	133.303793856662
4.3971	133.3039066767
4.4046	133.303889485876
4.4121	133.303772207815
4.4196	133.303579063019
4.4271	133.303329430915
4.4346	133.303038659058
4.4421	133.302718787937
4.4496	133.302379357515
4.4571	133.302027954484
4.4646	133.301670624385
4.4721	133.301312065646
4.47963333333333	133.300955900103
4.48713333333333	133.301567202083
4.49463333333333	133.302019137923
4.50213333333333	133.302206863368
4.50963333333333	133.302218621288
4.51713333333333	133.302766593346
4.52463333333333	133.303227771615
4.53213333333333	133.303494802396
4.53963333333333	133.303596781926
4.54713333333333	133.303568781314
4.55463333333333	133.303440806158
4.56213333333333	133.303237139356
4.56963333333333	133.302977207033
4.57713333333333	133.302676391041
4.58463333333333	133.302346756262
4.59213333333333	133.30199785917
4.59963333333333	133.301637296952
4.60713333333333	133.301271120763
4.61463333333333	133.300904030925
4.62213333333333	133.300539648117
4.62966666666667	133.300180736059
4.63716666666667	133.300791649808
4.64466666666667	133.301245059344
4.65216666666667	133.301435665393
4.65966666666667	133.301451340127
4.66716666666667	133.302003974561
4.67466666666667	133.302470334386
4.68216666666667	133.302742898676
4.68966666666667	133.30285062664
4.69716666666667	133.302828481166
4.70466666666667	133.302706383284
4.71216666666667	133.302508550225
4.71966666666667	133.302254357818
4.72716666666667	133.301959150005
4.73466666666667	133.301634963654
4.74216666666667	133.301291334983
4.74966666666667	133.300935846911
4.75716666666667	133.300574541293
4.7647	133.300212113171
4.7722	133.300814394216
4.7797	133.301255410275
4.7872	133.301430800804
4.7947	133.301429212877
4.8022	133.301963151435
4.8097	133.302409885032
4.8172	133.302662290291
4.8247	133.302749634015
4.8322	133.302707117471
4.8397	133.302564845156
4.8472	133.302347173902
4.8547	133.302073584118
4.8622	133.301759496304
4.8697	133.301417001937
4.8772	133.301055674521
4.8847	133.300683120497
4.8922	133.300305394335
4.8997	133.299927195001
4.90723333333333	133.299552138398
4.91473333333333	133.300145134346
4.92223333333333	133.300579632353
4.92973333333333	133.300750662679
4.93723333333333	133.300746406961
4.94473333333333	133.301278998636
4.95223333333333	133.30172541155
4.95973333333333	133.301978295317
4.96723333333333	133.302066730089
4.97473333333333	133.302025766787
4.98223333333333	133.301885389428
4.98973333333333	133.30166985874
4.99723333333333	133.301398578497
5.00473333333333	133.301086908333
5.01223333333333	133.300746891419
5.01973333333333	133.300388063041
5.02723333333333	133.300017999765
5.03473333333333	133.299642732709
5.04226666666667	133.299266942824
5.04976666666667	133.299856343948
5.05726666666667	133.300285137254
5.06476666666667	133.300448871978
5.07226666666667	133.300436151876
5.07976666666667	133.300959445983
5.08726666666667	133.301396003663
5.09476666666667	133.301638696096
5.10226666666667	133.301716773669
5.10976666666667	133.301665419377
5.11726666666667	133.301514719132
5.12476666666667	133.301289011215
5.13226666666667	133.301007757714
5.13976666666667	133.300686361156
5.14726666666667	133.300336895597
5.15476666666667	133.299968917651
5.16226666666667	133.299590017367
5.16976666666667	133.299206233361
5.1773	133.298822249311
5.1848	133.29940372383
5.1923	133.299824958298
5.1998	133.29998145566
5.2073	133.299961802518
5.2148	133.300478452625
5.2223	133.300908646238
5.2298	133.30114525111
5.2373	133.301217508579
5.2448	133.301160591099
5.2523	133.301004573215
5.2598	133.300773781708
5.2673	133.300487667337
5.2748	133.300161621455
5.2823	133.299807707124
5.2898	133.299435469988
5.2973	133.299052489535
5.3048	133.298664794353
5.31233333333333	133.298277058458
5.31983333333333	133.298854892702
5.32733333333333	133.299272656599
5.33483333333333	133.299425823937
5.34233333333333	133.299402964251
5.34983333333333	133.29991651818
5.35733333333333	133.300343717254
5.36483333333333	133.300577427739
5.37233333333333	133.300646884927
5.37983333333333	133.300587254754
5.38733333333333	133.300428605195
5.39483333333333	133.300195256414
5.40233333333333	133.299906652401
5.40983333333333	133.299578178151
5.41733333333333	133.299221891199
5.42483333333333	133.298847332738
5.43233333333333	133.298462079058
5.43983333333333	133.298072156922
5.44736666666667	133.297682240475
5.45486666666667	133.298257910089
5.46236666666667	133.29867358387
5.46986666666667	133.29882473036
5.47736666666667	133.298799921088
5.48486666666667	133.299311604976
5.49236666666667	133.299737026487
5.49986666666667	133.299969075594
5.50736666666667	133.300037009148
5.51486666666667	133.299976016227
5.52236666666667	133.299816190103
5.52986666666667	133.299581878245
5.53736666666667	133.299292554326
5.54486666666667	133.298963634968
5.55236666666667	133.298607210936
5.55986666666667	133.298232857568
5.56736666666667	133.297848185437
5.5749	133.297459255907
5.5824	133.298032733396
5.5899	133.298443977306
5.5974	133.298589159534
5.6049	133.298557422272
5.6124	133.299061670506
5.6199	133.299479522409
5.6274	133.299704167552
5.6349	133.299765098149
5.6424	133.299697688824
5.6499	133.299532177991
5.6574	133.299293025228
5.6649	133.298999790061
5.6724	133.298667953621
5.6799	133.298309654092
5.6874	133.29793449994
5.6949	133.297550122846
5.70243333333333	133.297162595726
5.70993333333333	133.297738587559
5.71743333333333	133.298153454163
5.72493333333333	133.298303365153
5.73243333333333	133.298277442168
5.73993333333333	133.298788564703
5.74743333333333	133.299214335652
5.75493333333333	133.299447925561
5.76243333333333	133.299518801175
5.76993333333333	133.299462306881
5.77743333333333	133.299308648201
5.78493333333333	133.299082249696
5.79243333333333	133.298802633307
5.79993333333333	133.298485239569
5.80743333333333	133.298142162286
5.81493333333333	133.297782963434
5.82243333333333	133.297415226628
5.82996666666667	133.297044974575
5.83746666666667	133.297638893555
5.84496666666667	133.298072150477
5.85246666666667	133.298240928061
5.85996666666667	133.298234281111
5.86746666666667	133.298765017912
5.87496666666667	133.299210687525
5.88246666666667	133.299464399078
5.88996666666667	133.299555554653
5.89746666666667	133.299519433058
5.90496666666667	133.299386172878
5.91246666666667	133.299180130533
5.91996666666667	133.298920758251
5.92746666666667	133.298623426194
5.93496666666667	133.298300157918
5.94246666666667	133.297960444636
5.94996666666667	133.297611799117
5.9575	133.297260173179
5.965	133.297872258163
5.9725	133.298323015992
5.98	133.298508631527
5.9875	133.298518086524
5.995	133.299064118311
6.0025	133.299524229718
6.01	133.299791482159
6.0175	133.299895234335
6.025	133.299870727435
6.0325	133.299748068681
6.04	133.299551589786
6.0475	133.299300725401
6.055	133.299010835321
6.0625	133.298693940172
6.07	133.298359535663
6.0775	133.298015146122
6.08503333333333	133.297666741702
6.09253333333333	133.298281048044
6.10003333333333	133.298733054814
6.10753333333333	133.298918980907
6.11503333333333	133.298927838726
6.12253333333333	133.299472401831
6.13003333333333	133.299930225751
6.13753333333333	133.300194422993
6.14503333333333	133.300294403414
6.15253333333333	133.300265459303
6.16003333333333	133.300137748492
6.16753333333333	133.299935652389
6.17503333333333	133.299678654087
6.18253333333333	133.299382160277
6.19003333333333	133.299058236764
6.19753333333333	133.298716422503
6.20503333333333	133.298364282999
6.21253333333333	133.298007827422
6.22006666666667	133.297651706763
6.22756666666667	133.29826158102
6.23506666666667	133.298711666287
6.24256666666667	133.298897498088
6.25006666666667	133.298907560021
6.25756666666667	133.299454213037
6.26506666666667	133.29991469067
6.27256666666667	133.300181859878
6.28006666666667	133.30028493962
6.28756666666667	133.30025907624
6.29506666666667	133.300134317519
6.30256666666667	133.29993496359
6.31006666666667	133.299680439115
6.31756666666667	133.299386110299
6.32506666666667	133.29906401651
6.33256666666667	133.298723681054
6.34006666666667	133.298372662342
6.3476	133.298016969106
6.3551	133.29862332661
6.3626	133.299066873087
6.3701	133.299243817435
6.3776	133.299243196445
6.3851	133.299777815859
6.3926	133.300225275863
6.4001	133.300478735617
6.4076	133.300567645847
6.4151	133.300527336631
6.4226	133.300388000994
6.4301	133.300174053113
6.4376	133.29990500658
6.4451	133.299596296458
6.4526	133.299260015008
6.4601	133.298905725773
6.4676	133.298541017061
6.4751	133.298171919154
6.48263333333333	133.297803102588
6.49013333333333	133.298400179838
6.49763333333333	133.29883753143
6.50513333333333	133.299010636665
6.51263333333333	133.299007976343
6.52013333333333	133.299541915232
6.52763333333333	133.299989701614
6.53513333333333	133.30024422126
6.54263333333333	133.300334706159
6.55013333333333	133.300296313485
6.55763333333333	133.300159100337
6.56513333333333	133.299947374938
6.57263333333333	133.299680569004
6.58013333333333	133.299374054914
6.58763333333333	133.299039877532
6.59513333333333	133.298687565022
6.60263333333333	133.29832468006
6.61016666666667	133.297957235117
6.61766666666667	133.298551893454
6.62516666666667	133.298983937167
6.63266666666667	133.299149513848
6.64016666666667	133.299137647268
6.64766666666667	133.299661136682
6.65516666666667	133.300097585901
6.66266666666667	133.300340163915
6.67016666666667	133.300418325649
6.67766666666667	133.300367403725
6.68516666666667	133.300217592642
6.69266666666667	133.299993307468
6.70016666666667	133.299714062322
6.70766666666667	133.299395292452
6.71516666666667	133.299049090034
6.72266666666667	133.298685018125
6.73016666666667	133.298310664414
6.73766666666667	133.297932058541
6.7452	133.297553870317
6.7527	133.298141651909
6.7602	133.298569904504
6.7677	133.298734054894
6.7752	133.298722568554
6.7827	133.29924780135
6.7902	133.299687001134
6.7977	133.29993306052
6.8052	133.300015212654
6.8127	133.299968614666
6.8202	133.299823323076
6.8277	133.299603645113
6.8352	133.299329011067
6.8427	133.299014791805
6.8502	133.298673030778
6.8577	133.298313254725
6.8652	133.297943024817
6.87273333333333	133.297568351801
6.88023333333333	133.298155843786
6.88773333333333	133.298580885189
6.89523333333333	133.298739581589
6.90273333333333	133.298720941823
6.91023333333333	133.299237756168
6.91773333333333	133.299667626379
6.92523333333333	133.299903727742
6.93273333333333	133.29997551568
6.94023333333333	133.29991832213
6.94773333333333	133.299762340473
6.95523333333333	133.299531984432
6.96273333333333	133.299246766653
6.97023333333333	133.298922120852
6.97773333333333	133.298570137715
6.98523333333333	133.298200378814
6.99273333333333	133.29782043037
7.00026666666667	133.297436320573
7.00776666666667	133.298014621356
7.01526666666667	133.298430818335
7.02276666666667	133.298580975802
7.03026666666667	133.298554096972
7.03776666666667	133.29906296591
7.04526666666667	133.299485180574
7.05276666666667	133.299713913701
7.06026666666667	133.299778614569
7.06776666666667	133.299714607732
7.07526666666667	133.299552078661
7.08276666666667	133.299315432642
7.09026666666667	133.299024173477
7.09776666666667	133.298693725859
7.10526666666667	133.298336171492
7.11276666666667	133.297961063224
7.12026666666667	133.297575978793
7.1278	133.297186938153
7.1353	133.297760473979
7.1428	133.298172122991
7.1503	133.298317918631
7.1578	133.298286852118
7.1653	133.29879169764
7.1728	133.299210045776
7.1803	133.29943506588
7.1878	133.299496201412
7.1953	133.299428770781
7.2028	133.299262953335
7.2103	133.299023148333
7.2178	133.298728853687
7.2253	133.298395488363
7.2328	133.298035128537
7.2403	133.297657321725
7.2478	133.297269640309
7.25533333333333	133.296878098843
7.26283333333333	133.297449202011
7.27033333333333	133.297858520808
7.27783333333333	133.298002071759
7.28533333333333	133.297968837462
7.29283333333333	133.298471585541
7.30033333333333	133.298887901251
7.30783333333333	133.299110953212
7.31533333333333	133.299170181981
7.32283333333333	133.299100902697
7.33033333333333	133.298933291339
7.33783333333333	133.29869174385
7.34533333333333	133.298395755012
7.35283333333333	133.29806074102
7.36033333333333	133.297698775349
7.36783333333333	133.297319402806
7.37533333333333	133.296930193133
7.38286666666667	133.296537158416
7.39036666666667	133.297106782032
7.39786666666667	133.297514663608
7.40536666666667	133.297656810129
7.41286666666667	133.29762219853
7.42036666666667	133.298123592852
7.42786666666667	133.298538575144
7.43536666666667	133.298760315398
7.44286666666667	133.298818252943
7.45036666666667	133.298747701251
7.45786666666667	133.298578834626
7.46536666666667	133.298336047584
7.47286666666667	133.298038833422
7.48036666666667	133.297702606727
7.48786666666667	133.297339439378
7.49536666666667	133.29695887471
7.50286666666667	133.296568481301
7.5104	133.296174270041
7.5179	133.296742704872
7.5254	133.297149411536
7.5329	133.297290390438
7.5404	133.297254614737
7.5479	133.297754846522
7.5554	133.298168664886
7.5629	133.29838924166
7.5704	133.298446015731
7.5779	133.298374300034
7.5854	133.298204268475
7.5929	133.297960315315
7.6004	133.297661933672
7.6079	133.297324537993
7.6154	133.296960200021
7.6229	133.296578462931
7.63043333333333	133.296186895112
7.63793333333333	133.29675329531
7.64543333333333	133.297154411722
7.65293333333333	133.297287095377
7.66043333333333	133.29724100459
7.66793333333333	133.297729446777
7.67543333333333	133.29813044079
7.68293333333333	133.298337506546
7.69043333333333	133.298380356307
7.69793333333333	133.298294516916
7.70543333333333	133.298110328486
7.71293333333333	133.297852312828
7.72043333333333	133.297540059885
7.72793333333333	133.297189056312
7.73543333333333	133.296811426738
7.74293333333333	133.296416751914
7.75043333333333	133.296012625292
7.75796666666667	133.295605072911
7.76546666666667	133.296160491402
7.77296666666667	133.296554643577
7.78046666666667	133.296683470911
7.78796666666667	133.296635937059
7.79546666666667	133.297124794623
7.80296666666667	133.297527610911
7.81046666666667	133.297737553366
7.81796666666667	133.297784053197
7.82546666666667	133.297702416082
7.83296666666667	133.297522809963
7.84046666666667	133.297269624837
7.84796666666667	133.296962351769
7.85546666666667	133.296616405546
7.86296666666667	133.296243861102
7.87046666666667	133.295854267537
7.878	133.295455201869
7.8855	133.296014421346
7.893	133.296408774951
7.9005	133.296535101686
7.908	133.296483076759
7.9155	133.296966029218
7.923	133.297361997281
7.9305	133.297564530906
7.938	133.297603370756
7.9455	133.297514073344
7.953	133.297327010122
7.9605	133.297066735679
7.968	133.296752873654
7.9755	133.296400946006
7.983	133.296023113842
7.9905	133.295628995526
7.99803333333333	133.29522622283
8.00553333333333	133.295782579092
8.01303333333333	133.296174976735
8.02053333333333	133.296300268021
8.02803333333333	133.296248146086
8.03553333333333	133.296731949885
8.04303333333333	133.29712972555
8.05053333333333	133.297335027377
8.05803333333333	133.297377595235
8.06553333333333	133.297292981708
8.07303333333333	133.297111550721
8.08053333333333	133.296857845912
8.08803333333333	133.296551476727
8.09553333333333	133.296207946876
8.10303333333333	133.295839396708
8.11053333333333	133.29545542122
8.11806666666667	133.295063627426
8.12556666666667	133.295631820734
8.13306666666667	133.296036788756
8.14056666666667	133.296175403084
8.14806666666667	133.296137321753
8.15556666666667	133.296635844245
8.16306666666667	133.297048985563
8.17056666666667	133.2972702624
8.17806666666667	133.297329374596
8.18556666666667	133.29726183241
8.19306666666666	133.297097956344
8.20056666666667	133.296862245535
8.20806666666667	133.296574263779
8.21556666666667	133.296249468973
8.22306666666667	133.295899954142
8.23056666666667	133.295535265683
8.2381	133.295162959799
8.2456	133.295750875467
8.2531	133.296175582301
8.2606	133.296333977716
8.2681	133.296315659103
8.2756	133.296833859559
8.2831	133.297266541276
8.2906	133.297507160123
8.2981	133.297585354043
8.3056	133.297536570524
8.3131	133.297391066302
8.3206	133.297173276644
8.3281	133.296902702134
8.3356	133.296594737944
8.3431	133.296261415574
8.3506	133.295912221638
8.35813333333333	133.295554655541
8.36563333333333	133.296156568556
8.37313333333333	133.296594364818
8.38063333333333	133.296764951689
8.38813333333333	133.296757883513
8.39563333333333	133.297286354816
8.40313333333333	133.297728309817
8.41063333333333	133.297977185729
8.41813333333333	133.29806260967
8.42563333333333	133.298020025477
8.43313333333333	133.297879693379
8.44063333333333	133.297666058995
8.44813333333333	133.297398640001
8.45563333333333	133.297092854905
8.46313333333333	133.296760764368
8.47063333333333	133.296411889227
8.47813333333333	133.296053767162
8.48566666666667	133.295692372485
8.49316666666667	133.296294245382
8.50066666666667	133.296734743859
8.50816666666667	133.296909952839
8.51566666666667	133.296908780762
8.52316666666667	133.297443920252
8.53066666666667	133.297892925839
8.53816666666667	133.298148937252
8.54566666666667	133.298241356562
8.55316666666667	133.298205460183
8.56066666666667	133.29807138667
8.56816666666667	133.297863496259
8.57566666666667	133.297601249892
8.58316666666667	133.297300031853
8.59066666666667	133.29697188602
8.59816666666667	133.296626329817
8.6057	133.296270907618
8.6132	133.296873537307
8.6207	133.297310689468
8.6282	133.297479330984
8.6357	133.297469079897
8.6432	133.29799320122
8.6507	133.298429719992
8.6582	133.298672150938
8.6657	133.298750197962
8.6732	133.298699379629
8.6807	133.298550028064
8.6882	133.298326657795
8.6957	133.298048852155
8.7032	133.297732092103
8.7107	133.297388497504
8.7182	133.297027644889
8.7257	133.296657124302
8.73323333333333	133.296282959061
8.74073333333333	133.29687168677
8.74823333333333	133.297298827951
8.75573333333333	133.297460438698
8.76323333333333	133.29744545562
8.77073333333333	133.29796660166
8.77823333333333	133.298401465818
8.78573333333333	133.298643219563
8.79323333333334	133.298721293648
8.80073333333333	133.29867099051
8.80823333333333	133.298522472227
8.81573333333333	133.298300120423
8.82323333333333	133.298023415479
8.83073333333333	133.297707759124
8.83823333333333	133.297365210875
8.84573333333333	133.297005302001
8.85323333333333	133.296635589345
8.86076666666667	133.296262072745
8.86826666666667	133.296851271211
8.87576666666667	133.297278701975
8.88326666666667	133.297440414106
8.89076666666667	133.297425338016
8.89826666666667	133.297946196749
8.90576666666667	133.298380581423
8.91326666666667	133.298621670129
8.92076666666667	133.298698900168
8.92826666666667	133.298647581124
8.93576666666667	133.298497882857
8.94326666666667	133.298274194992
8.95076666666667	133.297996005941
8.95826666666667	133.297678725482
8.96576666666667	133.297334421213
8.97326666666667	133.296972632587
8.9808	133.296600924416
8.9883	133.297187161771
8.9958	133.297607993722
9.0033	133.297760320053
9.0108	133.297733762278
9.0183	133.298241594848
9.0258	133.298661856772
9.0333	133.298888079922
9.0408	133.298949981661
9.0483	133.298883092254
9.0558	133.298717754188
9.0633	133.298478491216
9.0708	133.298184894913
9.0783	133.297852453621
9.0858	133.297493293892
9.0933	133.297116998476
9.1008	133.29673116323
9.10833333333333	133.296341816811
9.11583333333333	133.296915429033
9.12333333333333	133.297327678351
9.13083333333333	133.297474549628
9.13833333333333	133.297444972552
9.14583333333333	133.297951668971
9.15333333333333	133.298372230306
9.16083333333333	133.298599835687
9.16833333333333	133.298663919687
9.17583333333333	133.298599787447
9.18333333333333	133.298437603034
9.19083333333333	133.298201749436
9.19833333333333	133.297911707756
9.20583333333333	133.297582880144
9.21333333333333	133.297227326421
9.22083333333333	133.296854577962
9.22833333333333	133.296472191458
9.23586666666667	133.296086166221
9.24336666666667	133.296662954109
9.25086666666667	133.297078205536
9.25836666666667	133.297227908356
9.26586666666667	133.297200983119
9.27336666666667	133.297710148266
9.28086666666667	133.298132992419
9.28836666666667	133.298362698442
9.29586666666667	133.298428704301
9.30336666666667	133.29836631921
9.31086666666667	133.298205712024
9.31836666666667	133.297971271142
9.32586666666667	133.297682483683
9.33336666666667	133.297354758032
9.34086666666667	133.297000160298
9.34836666666667	133.296628228193
9.3559	133.296246524802
9.3634	133.296822853649
9.3709	133.29723397638
9.3784	133.297376743671
9.3859	133.297340767334
9.3934	133.297839317187
9.4009	133.298250428089
9.4084	133.298467636068
9.4159	133.29852065821
9.4234	133.298445023407
9.4309	133.298271072511
9.4384	133.298023327586
9.4459	133.297721378442
9.4534	133.297380711539
9.4609	133.297013451357
9.4684	133.296629178428
9.4759	133.296235486307
9.48343333333333	133.295838401303
9.49093333333333	133.296404337364
9.49843333333333	133.296809066545
9.50593333333333	133.29694853584
9.51343333333333	133.296911666235
9.52093333333333	133.297411175455
9.52843333333333	133.29782464939
9.53593333333333	133.298045270813
9.54343333333333	133.298102473503
9.55093333333333	133.298031561016
9.55843333333333	133.297862695615
9.56593333333333	133.297620258393
9.57343333333333	133.29732372852
9.58093333333333	133.296988506214
9.58843333333333	133.296626649413
9.59593333333333	133.296247687857
9.60346666666667	133.295859176848
9.61096666666667	133.296428870046
9.61846666666667	133.296833596016
9.62596666666667	133.296970168955
9.63346666666667	133.296928190384
9.64096666666667	133.297420922205
9.64846666666667	133.297826389567
9.65596666666667	133.298038124807
9.66346666666667	133.298085838581
9.67096666666667	133.298005053118
9.67846666666667	133.297826102748
9.68596666666667	133.297573502966
9.69346666666667	133.297266837182
9.70096666666667	133.296921585557
9.70846666666667	133.296549866572
9.71596666666667	133.296161255055
9.7235	133.29576333887
9.731	133.29632385203
9.7385	133.296719720875
9.746	133.296847728859
9.7535	133.296797481411
9.761	133.297282240375
9.7685	133.297680028387
9.776	133.297884374421
9.7835	133.297924983217
9.791	133.297837369786
9.7985	133.297651860125
9.806	133.297392960782
9.8135	133.297080245726
9.821	133.296729185572
9.8285	133.296351889259
9.836	133.295957921878
9.8435	133.295554861653
9.85103333333333	133.295148719804
9.85853333333333	133.295705836228
9.86603333333333	133.296102069089
9.87353333333333	133.296233315717
9.88103333333333	133.29618848134
9.88853333333333	133.296680270962
9.89603333333333	133.297086253007
9.90353333333333	133.297299602705
9.91103333333333	133.297349742727
9.91853333333333	133.297271965211
9.92603333333333	133.297096421284
9.93353333333333	133.296847481385
9.94103333333333	133.296544614708
9.94853333333333	133.296203211832
9.95603333333333	133.295835321325
9.96353333333333	133.295450463652
9.97106666666667	133.295056185047
9.97856666666667	133.295620182029
9.98606666666667	133.296019348683
9.99356666666667	133.296150470765
10.0010666666667	133.296103140929
10.0085666666667	133.296590615308
10.0160666666667	133.296990905836
10.0235666666667	133.297197542288
10.0310666666667	133.297240229228
10.0385666666667	133.297154482361
10.0460666666667	133.296970629615
10.0535666666667	133.296713180592
10.0610666666667	133.296401713027
10.0685666666667	133.296051701711
10.0760666666667	133.29567525981
10.0835666666667	133.295281956948
10.0911	133.294879376204
10.0986	133.295435201544
10.1061	133.295826419865
10.1136	133.29594979651
10.1211	133.295894933308
10.1286	133.296375091304
10.1361	133.29676828184
10.1436	133.296968034251
10.1511	133.297004050069
10.1586	133.296911840972
10.1661	133.296721730395
10.1736	133.296458223567
10.1811	133.296140894846
10.1886	133.29578521705
10.1961	133.295403303235
10.2036	133.29500472488
10.2111333333333	133.294597068913
10.2186333333333	133.295147997516
10.2261333333333	133.295534552345
10.2336333333333	133.295653491081
10.2411333333333	133.295594430277
10.2486333333333	133.296070648761
10.2561333333333	133.296460173906
10.2636333333333	133.296656556878
10.2711333333333	133.29668952234
10.2786333333333	133.296594607034
10.2861333333333	133.296402160843
10.2936333333333	133.296136716069
10.3011333333333	133.29581787475
10.3086333333333	133.295461137497
10.3161333333333	133.295078645081
10.3236666666667	133.294679995852
10.3311666666667	133.295234445092
10.3386666666667	133.295620404352
10.3461666666667	133.295735759479
10.3536666666667	133.295671012539
10.3611666666667	133.296140147423
10.3686666666667	133.296521762245
10.3761666666667	133.296709860469
10.3836666666667	133.296734526391
10.3911666666667	133.296631581305
10.3986666666667	133.296431598483
10.4061666666667	133.296159283716
10.4136666666667	133.295834372462
10.4211666666667	133.29547246624
10.4286666666667	133.295085780586
10.4361666666667	133.294683967157
10.4437	133.29427467394
10.4512	133.294825607853
10.4587	133.295213842413
10.4662	133.295336160746
10.4737	133.295282193463
10.4812	133.295765219057
10.4887	133.296163263257
10.4962	133.296369866069
10.5037	133.296414734536
10.5112	133.296333381701
10.5187	133.296156127903
10.5262	133.295907471587
10.5337	133.295606976226
10.5412	133.295270099828
10.5487	133.294908935858
10.5562	133.294533030733
10.5637333333333	133.294149940523
10.5712333333333	133.294727400953
10.5787333333333	133.295142187389
10.5862333333333	133.295291127564
10.5937333333333	133.295263785989
10.6012333333333	133.295773376081
10.6087333333333	133.296197869789
10.6162333333333	133.296430750122
10.6237333333333	133.296501668272
10.6312333333333	133.296446082899
10.6387333333333	133.29629426136
10.6462333333333	133.296070649031
10.6537333333333	133.295794756315
10.6612333333333	133.29548198762
10.6687333333333	133.295144382933
10.6762333333333	133.294791435828
10.6837666666667	133.29443065042
10.6912666666667	133.29502980904
10.6987666666667	133.295465451123
10.7062666666667	133.295634444182
10.7137666666667	133.295626300896
10.7212666666667	133.296154182094
10.7287666666667	133.296596022542
10.7362666666667	133.29684526326
10.7437666666667	133.29693151836
10.7512666666667	133.296890213823
10.7587666666667	133.296751589461
10.7662666666667	133.29654006878
10.7737666666667	133.296275146257
10.7812666666667	133.2959722166
10.7887666666667	133.295643316604
10.7963	133.295297943375
10.8038	133.295905496251
10.8113	133.296343833826
10.8188	133.296510968709
10.8263	133.296497306179
10.8338	133.297016726243
10.8413	133.297447764333
10.8488	133.29768434111
10.8563	133.29775646394
10.8638	133.297699880318
10.8713	133.297545093163
10.8788	133.2973167416
10.8863	133.297034497112
10.8938	133.296713899987
10.9013	133.296367107039
10.9088	133.296003714511
10.9163	133.295631318705
10.9238333333333	133.29525593901
10.9313333333333	133.295844049238
10.9388333333333	133.296271248289
10.9463333333333	133.296433550836
10.9538333333333	133.296419843207
10.9613333333333	133.296942800907
10.9688333333333	133.297379991934
10.9763333333333	133.297624575303
10.9838333333333	133.297705957386
10.9913333333333	133.297659414014
10.9988333333333	133.297515080332
11.0063333333333	133.297297311116
11.0138333333333	133.29702556034
11.0213333333333	133.29671520421
11.0288333333333	133.296378277702
11.0363333333333	133.296024288597
11.0438666666667	133.295660771149
11.0513666666667	133.296255554546
11.0588666666667	133.296685264238
11.0663666666667	133.296846796654
11.0738666666667	133.296829726663
11.0813666666667	133.297347286513
11.0888666666667	133.297777498772
11.0963666666667	133.298013886627
11.1038666666667	133.298086150141
11.1113666666667	133.298029801416
11.1188666666667	133.297875165118
11.1263666666667	133.297646747776
11.1338666666667	133.297364124446
11.1413666666667	133.297042767709
11.1488666666667	133.296694789228
11.1563666666667	133.296329757474
11.1639	133.295955254573
11.1714	133.29653910638
11.1789	133.296958058989
11.1864	133.297108979721
11.1939	133.297081457786
11.2014	133.297588736511
11.2089	133.298008848476
11.2164	133.298235323366
11.2239	133.298297865632
11.2314	133.298231989701
11.2389	133.298068021061
11.2464	133.2978304658
11.2539	133.297538897694
11.2614	133.297208787403
11.2689	133.296852243977
11.2764	133.29647883287
11.2839	133.296096132818
11.2914333333333	133.295710155891
11.2989333333333	133.296287334886
11.3064333333333	133.296703376113
11.3139333333333	133.296854247919
11.3214333333333	133.296828842571
11.3289333333333	133.297339850466
11.3364333333333	133.297764856747
11.3439333333333	133.297997041214
11.3514333333333	133.298065830584
11.3589333333333	133.298006520596
11.3664333333333	133.297849265792
11.3739333333333	133.297618439858
11.3814333333333	133.297333514868
11.3889333333333	133.29700988422
11.3964333333333	133.296659599275
11.4039333333333	133.296292183439
11.4114666666667	133.295915185959
11.4189666666667	133.296496392582
11.4264666666667	133.296912568249
11.4339666666667	133.297060555457
11.4414666666667	133.29702993374
11.4489666666667	133.297533944835
11.4564666666667	133.297950620465
11.4639666666667	133.298173496188
11.4714666666667	133.298232282202
11.4789666666667	133.298162499553
11.4864666666667	133.297994481152
11.4939666666667	133.297752741017
11.5014666666667	133.29745686111
11.5089666666667	133.297122320248
11.5164666666667	133.296761235777
11.5239666666667	133.29638318155
11.5314666666667	133.295995744628
11.539	133.2956049452
11.5465	133.296177195785
11.554	133.296588264441
11.5615	133.296734103489